0.636710 1.201610 8.947430
0.761180 1.230330 8.765510
0.895220 1.211180 8.612320
0.856920 1.230330 8.459130
0.876070 1.239910 8.219760
1.048410 1.134590 7.827200
1.383520 0.866500 7.338900
1.948420 0.569690 6.678260
2.532470 0.349470 5.730370
2.800560 0.157980 4.562280
2.771840 -0.244150 3.212260
2.408000 -0.292020 2.206940
2.589920 -0.282450 0.971820
3.365460 -0.177130 0.473940
3.834610 0.215430 0.138830
3.825040 0.876070 0.330320
3.825040 1.756930 0.914370
5.041010 1.412250 0.885650
6.343150 0.780330 0.742030
6.888900 1.057990 0.923950
7.243150 1.172880 1.354800
8.133590 0.856920 2.283530
10.498510 0.320750 2.455870
12.633630 0.684580 3.030350
13.342150 1.460120 3.805890
14.261310 1.833530 4.552700
14.979400 1.996300 5.289940
16.348560 1.584590 5.280370
17.966660 1.239910 4.734620
19.163480 0.990970 4.303770
19.594340 0.033510 3.978230
19.594340 -1.134590 3.671840
19.594340 -1.814380 3.595250
19.594340 -1.756930 4.141000
19.594340 -1.220760 5.021860
19.594340 -1.259050 5.902720
19.594340 -1.259050 6.601660
19.594340 -1.460120 6.467620
19.594340 -1.795230 6.381440
19.546470 -0.799480 6.908050
18.483690 0.646280 7.463370
16.856010 1.747360 7.444220
15.687920 1.689910 7.022940
14.395350 1.469690 6.754850
12.777250 1.603740 6.783580
11.609150 1.776080 6.802730
11.178300 1.852680 6.659110
10.814470 1.938850 6.525060
9.655940 1.900550 6.410170
8.478270 1.211180 6.218680
7.425070 0.550540 6.008040
6.639960 0.483520 6.151650
5.768670 1.230330 6.505910
5.567610 1.852680 6.544210
5.960160 2.302680 6.333570
6.180380 1.958000 5.950590
6.400590 1.230330 5.701650
7.654860 1.153730 6.189950
9.186790 1.929270 6.448470
10.536800 2.637790 7.109110
11.532560 2.858010 7.271880
12.997470 1.737780 6.525060
14.366630 0.167550 5.232500
15.573020 -1.431400 4.236740
16.434730 -2.331410 4.160150
17.516660 -2.494170 4.677170
19.201780 -2.092040 5.222920
19.594340 -0.981390 5.921870
19.594340 -0.406920 6.343150
19.594340 0.000000 6.065480
19.594340 0.090960 5.739950
19.594340 0.502660 5.730370
19.594340 1.278200 6.046330
19.594340 1.642040 5.988890
19.594340 1.795230 5.328240
19.594340 1.977150 4.859090
19.594340 1.517570 4.294190
19.278380 0.263300 3.547370
18.225180 -0.196280 3.422910
17.746450 -0.033510 3.652690
16.568780 0.751600 4.121850
15.094300 1.211180 4.811220
14.261310 0.655860 4.782490
13.428320 -0.110110 4.188870
12.509160 -0.359050 3.892060
11.321920 0.014360 4.217590
10.077230 0.799480 4.322910
9.119770 0.885650 3.997380
8.382530 0.033510 3.240990
7.683580 -0.675010 2.513320
6.486770 -0.406920 2.580340
5.175050 0.502660 2.704810
4.217590 1.546290 2.599490
2.896300 2.178210 2.599490
1.335650 1.728210 2.168640
0.483520 0.320750 2.130340
0.272870 -0.502660 2.455870
0.196280 0.502660 3.078220
0.263300 1.890980 3.949510
-0.177130 1.938850 4.868660
-0.828200 1.019690 4.916540
-0.282450 -0.234580 4.533550
0.378200 -0.483520 5.041010
-0.349470 0.761180 5.806970
-1.048410 1.622890 6.486770
-0.742030 1.077140 6.716550
-0.052660 0.148410 6.841020
0.138830 -0.100530 6.812300
-0.502660 0.368620 7.434650
-0.847350 0.607980 7.827200
-0.483520 0.301600 7.999550
-0.301600 0.100530 8.124010
-0.454790 0.502660 8.583590
-0.684580 1.440970 9.004870
-0.962240 1.919700 9.225090
-1.029270 1.565440 9.167640
-0.933520 1.105860 9.378280
-0.588840 1.297350 9.675090
-0.426070 1.795230 10.172970
-0.426070 1.718630 10.096370
-0.311170 1.029270 9.722970
-0.043090 0.378200 9.464450
-0.100530 0.167550 9.359130
-0.320750 0.397340 9.464450
-0.349470 0.751600 9.560200
