2.178210 1.182460 5.117600
2.455870 0.837770 4.169720
2.379280 0.550540 3.288860
2.388850 0.196280 2.647370
2.704810 -0.004790 2.245230
3.288860 0.071810 1.737780
4.006950 0.215430 1.421820
4.437810 0.282450 1.029270
4.629300 0.387770 0.895220
4.935690 0.378200 0.665430
5.682500 0.148410 0.435640
6.898470 0.186700 0.397340
8.353800 0.311170 0.636710
9.435730 0.473940 1.115440
10.307010 0.435640 1.603740
11.867670 0.196280 1.776080
13.121940 0.062230 2.446300
13.447470 0.215430 3.729290
14.950680 0.043090 4.638870
17.152820 0.512240 5.136750
18.378370 1.613310 5.711230
19.000710 2.340980 6.458040
19.354970 2.714390 6.994220
19.594340 2.427150 7.089960
19.594340 1.469690 6.563360
19.594340 0.713300 6.094210
19.594340 -0.023940 5.950590
19.594340 -0.607980 6.132510
19.192210 -0.253730 6.324000
18.723050 0.540960 6.448470
18.119860 0.981390 6.687830
16.827290 0.847350 6.917620
15.726210 0.282450 6.908050
14.950680 0.272870 6.869750
14.060240 0.866500 6.850600
13.275130 1.192030 7.089960
12.097460 1.278200 7.434650
10.986810 1.220760 7.587840
10.374040 1.431400 7.578260
10.115520 1.785660 7.587840
9.770840 2.120770 7.530390
9.464450 2.264380 7.472940
9.225090 2.159060 7.405920
9.167640 2.082470 7.156980
9.244240 1.814380 6.774000
9.569770 1.555870 6.276120
10.019780 1.249480 5.902720
10.220840 1.048410 5.663350
10.431480 0.866500 5.672930
11.321920 0.694160 5.462290
12.499590 0.847350 5.395260
13.466620 1.373950 5.644200
14.538970 1.833530 6.008040
15.285790 1.622890 6.400590
16.051750 1.584590 6.572940
17.794320 1.239910 6.161230
18.416670 1.086710 5.692080
18.359220 1.594160 5.376120
18.464540 1.555870 5.050580
18.474110 0.780330 4.782490
19.019860 -0.186700 4.236740
19.182630 -0.560110 3.729290
18.407090 -0.052660 3.566520
18.014540 0.330320 3.700570
17.612400 0.330320 4.054830
16.568780 0.502660 4.054830
15.956000 0.895220 3.825040
15.113440 0.512240 3.518650
14.232580 0.090960 3.537800
13.198530 0.713300 3.853760
12.652780 0.885650 3.729290
11.704900 1.029270 3.403760
10.622970 0.943090 3.528230
9.560200 0.684580 3.690990
8.449550 0.722880 3.805890
7.932520 0.742030 3.518650
7.367620 0.722880 3.240990
6.333570 0.512240 3.126090
5.443140 0.110110 3.308010
4.887810 -0.004790 3.614400
4.485680 0.215430 3.652690
3.844190 0.722880 3.882480
3.039920 0.694160 3.939930
2.561200 -0.004790 4.026100
2.302680 -0.215430 4.418660
2.149490 -0.043090 4.437810
1.938850 0.110110 4.993130
1.507990 0.081380 5.385690
1.555870 -0.253730 5.519730
1.536720 -0.598410 5.806970
1.134590 -0.780330 5.931440
1.077140 -0.809050 6.122930
1.316500 -0.292020 6.458040
1.230330 0.023940 6.850600
0.617560 -0.272870 7.185710
0.253730 -0.579260 7.377200
0.607980 -0.655860 7.760180
1.115440 -0.406920 8.372950
1.134590 -0.043090 8.784660
0.665430 0.253730 9.033600
0.435640 0.445220 9.272960
0.675010 0.186700 9.426150
0.943090 -0.244150 9.205940
0.722880 -0.473940 9.138920
0.320750 -0.330320 9.292110
0.282450 -0.071810 9.378280
0.540960 0.071810 9.378280
0.694160 0.014360 9.474030
0.588840 -0.110110 9.694240
0.493090 0.033510 9.818710
0.607980 0.138830 9.809140
0.684580 -0.090960 9.665520
0.780330 -0.445220 9.512330
0.885650 -0.464370 9.541050
0.895220 -0.043090 9.627220
0.943090 0.359050 9.703820
0.847350 0.330320 9.675090
0.646280 -0.023940 9.349560
0.636710 -0.244150 9.186790
0.675010 -0.033510 9.368710
0.665430 0.397340 9.474030
0.550540 0.617560 9.550620
0.349470 0.454790 9.531480
0.464370 0.272870 9.416580
0.569690 0.167550 9.435730
