0.981390 1.249480 8.258060
0.962240 1.172880 7.970820
1.077140 1.077140 7.635710
1.479270 1.105860 7.156980
1.919700 1.239910 6.324000
2.178210 1.297350 5.337820
2.235660 0.990970 4.255890
2.216510 0.617560 3.288860
2.350550 0.359050 2.264380
2.609070 0.330320 1.632460
2.647370 0.588840 1.594160
2.771840 0.837770 1.488840
3.518650 1.172880 1.450550
4.820790 1.230330 1.364370
5.787820 1.249480 1.536720
6.285700 1.297350 1.804800
6.869750 1.354800 2.149490
7.884650 1.460120 2.503750
9.244240 1.364370 2.714390
10.307010 1.201610 2.838860
10.910210 1.220760 2.733540
11.369790 1.057990 3.020770
11.877240 0.531390 3.355880
13.370870 0.052660 3.422910
15.285790 0.646280 3.595250
16.224090 1.488840 4.112270
17.200700 1.651610 4.409090
18.416670 1.383520 4.591000
19.335820 0.828200 4.830370
19.594340 0.349470 4.820790
19.594340 -0.004790 4.763340
19.594340 -0.646280 5.069730
19.594340 -1.239910 5.309090
19.594340 -1.373950 5.519730
19.594340 -1.316500 6.046330
19.508170 -1.115440 6.639960
18.933690 -0.588840 6.879320
18.052830 0.244150 7.013370
16.712400 0.818620 7.042090
15.190040 1.153730 6.946340
14.203860 1.029270 6.544210
13.045340 1.000540 6.276120
11.838940 0.923950 6.132510
10.680420 0.981390 6.094210
9.435730 1.086710 6.324000
8.602740 1.163310 6.419740
8.382530 1.153730 6.391020
8.076140 0.933520 6.314420
7.664440 0.387770 6.371870
7.281450 -0.023940 6.304850
7.425070 -0.234580 6.256970
7.769760 -0.138830 6.285700
8.066570 -0.196280 6.381440
8.382530 -0.320750 6.544210
8.947430 -0.311170 6.639960
9.751690 -0.234580 6.630380
10.661270 -0.033510 6.764430
11.685750 0.033510 6.735700
12.805980 0.196280 6.486770
13.868750 0.004790 6.151650
14.577270 -0.617560 5.941020
15.630470 -1.297350 5.672930
16.788990 -1.211180 5.433560
17.239000 -0.847350 5.816550
17.708150 -0.368620 6.314420
18.991140 -0.157980 6.333570
19.594340 0.148410 6.256970
19.594340 0.263300 6.046330
19.594340 0.272870 5.787820
19.594340 0.292020 5.749520
19.594340 0.000000 5.376120
19.584760 0.138830 4.964410
19.201780 0.703730 5.127180
18.885820 0.435640 5.184620
18.474110 -0.052660 4.514410
17.545380 -0.062230 4.102700
16.444310 0.052660 4.351640
15.927280 0.244150 3.987800
14.682590 0.205850 3.547370
13.054910 -0.368620 3.384610
12.403840 -0.770750 3.509080
11.637880 0.043090 3.633550
10.268720 1.086710 3.777160
8.736790 1.249480 3.700570
7.520820 0.473940 3.432480
6.553790 -0.225000 2.972900
5.845270 -0.062230 3.240990
5.299520 0.531390 3.231410
4.983560 0.904800 2.934600
4.045250 1.077140 3.308010
2.934600 0.244150 3.566520
2.580340 -0.464370 3.681420
2.819710 -0.588840 3.576100
2.905880 -0.856920 3.690990
2.293110 -0.780330 3.978230
1.661190 -0.617560 4.734620
1.057990 -0.320750 5.184620
0.914370 -0.426070 5.443140
1.029270 -0.445220 5.548460
0.952670 -0.052660 5.893140
0.675010 0.397340 6.304850
0.359050 0.540960 7.003790
0.062230 0.569690 7.310180
0.272870 0.397340 7.472940
0.368620 0.339900 7.463370
0.177130 0.445220 7.482520
-0.167550 0.588840 7.578260
-0.253730 0.292020 7.808050
-0.004790 -0.177130 8.133590
0.004790 0.090960 8.631470
-0.157980 0.655860 9.119770
-0.263300 0.837770 9.349560
0.062230 0.675010 9.464450
0.330320 0.837770 9.684670
0.225000 1.249480 9.962330
0.043090 1.460120 10.096370
0.033510 1.038840 9.742120
0.387770 0.244150 9.474030
0.502660 0.177130 9.435730
0.205850 0.962240 9.694240
0.110110 1.603740 9.751690
0.129260 1.479270 9.608070
0.148410 0.856920 9.292110
0.311170 0.387770 9.148490
0.378200 0.646280 9.301690
