1.469690 0.617560 5.366540
1.709060 0.943090 5.031430
2.388850 1.182460 4.610150
3.059070 1.220760 4.160150
3.308010 1.517570 3.394180
3.212260 1.469690 2.934600
3.059070 1.192030 2.637790
3.537800 0.655860 2.139910
4.322910 0.349470 1.890980
4.581430 0.981390 2.685660
4.476110 2.149490 3.355880
5.270800 2.752690 3.566520
6.477190 3.059070 3.633550
7.693160 2.752690 3.451630
8.229340 2.168640 3.135670
8.401680 1.067560 2.446300
9.272960 -0.100530 2.321830
10.958080 -0.540960 2.044170
12.451720 0.330320 2.216510
13.351730 1.613310 2.628220
13.792150 2.120770 3.719720
14.491100 1.871830 3.911210
16.406010 1.335650 3.652690
17.612400 1.335650 3.442050
18.454970 1.048410 3.528230
19.153910 0.818620 3.786740
19.594340 0.751600 4.121850
19.594340 0.713300 4.485680
19.594340 0.732450 5.088880
19.594340 0.866500 5.615480
19.584760 0.703730 6.008040
18.981560 0.540960 6.410170
17.976240 0.943090 6.678260
17.018780 1.440970 6.860170
15.927280 1.594160 6.955920
14.759190 1.584590 6.917620
13.734710 1.594160 6.841020
12.710230 1.747360 6.821870
11.858090 1.929270 6.879320
11.005960 1.948420 6.764430
10.441060 1.536720 6.630380
9.885730 1.565440 6.831450
9.311260 1.958000 7.128260
9.004870 2.101620 7.109110
9.062320 1.756930 6.936770
9.138920 1.373950 6.802730
9.330410 1.287780 6.687830
9.579350 1.239910 6.601660
9.895310 1.077140 6.448470
10.172970 0.952670 6.228250
10.747440 0.703730 5.969740
11.398510 0.607980 5.605900
12.097460 0.636710 5.443140
12.671930 0.607980 5.500590
13.753860 0.416490 5.414410
14.730460 0.713300 5.337820
15.065570 1.211180 5.491010
15.391110 1.412250 5.548460
16.023030 1.239910 5.500590
16.664520 1.077140 5.031430
17.104950 1.125010 4.619720
17.181550 0.923950 4.188870
17.200700 0.454790 3.700570
17.066650 0.272870 3.442050
17.047500 0.052660 3.384610
16.875160 -0.215430 3.470780
16.338990 0.043090 3.863340
16.003880 1.010120 4.322910
15.821960 1.450550 4.160150
15.113440 0.617560 3.585670
14.108110 -0.110110 3.413330
13.303850 -0.904800 3.384610
12.375120 -0.617560 4.370790
11.896390 1.105860 5.069730
12.097460 1.756930 4.935690
11.072980 0.579260 4.456960
9.895310 -0.799480 4.591000
9.158070 -0.330320 5.280370
8.765510 1.201610 5.433560
8.344230 1.182460 5.127180
7.463370 -0.311170 4.648450
6.592080 -0.866500 4.878240
5.988890 0.043090 5.127180
5.672930 0.885650 5.519730
5.041010 0.646280 5.644200
4.504830 -0.311170 5.596330
3.987800 -0.454790 5.567610
3.585670 -0.119680 5.462290
3.317590 0.052660 5.404840
2.905880 -0.148410 5.835700
2.082470 0.368620 6.458040
1.507990 1.230330 6.841020
1.306930 1.354800 7.013370
1.077140 1.019690 7.022940
0.876070 0.943090 6.793150
0.694160 0.751600 6.946340
0.349470 0.473940 7.089960
0.301600 0.742030 7.224010
0.320750 1.249480 7.013370
0.148410 0.799480 6.793150
-0.071810 -0.071810 6.639960
0.033510 -0.186700 6.908050
0.167550 0.607980 7.425070
0.196280 0.866500 7.482520
0.138830 0.215430 7.444220
-0.110110 0.062230 7.645290
-0.071810 0.359050 7.913370
0.119680 0.713300 7.970820
0.052660 0.560110 8.133590
-0.282450 0.225000 8.133590
-0.129260 0.339900 8.344230
-0.071810 1.048410 8.535720
-0.445220 1.364370 8.631470
-0.655860 0.943090 8.487850
-0.502660 0.627130 8.439980
-0.330320 0.751600 8.545290
-0.311170 0.828200 8.583590
-0.368620 0.923950 8.889980
-0.512240 1.125010 9.081470
-0.473940 0.981390 9.148490
-0.311170 0.904800 9.292110
-0.244150 1.220760 9.464450
-0.253730 1.086710 9.339980
-0.397340 0.789900 9.349560
-0.493090 0.837770 9.359130
