1.622890 1.220760 6.381440
1.747360 1.153730 5.500590
2.082470 1.297350 4.638870
2.484600 1.431400 3.987800
2.685660 1.239910 3.183540
3.020770 0.971820 2.216510
3.470780 0.943090 1.527140
3.997380 0.847350 0.866500
4.437810 0.914370 0.330320
4.973980 1.105860 0.196280
5.031430 1.278200 0.483520
4.801640 1.507990 1.134590
5.711230 1.086710 0.943090
7.329330 1.479270 0.828200
8.162310 2.570770 1.057990
8.363380 3.470780 2.513320
8.746360 3.317590 2.963330
10.986810 2.379280 2.465450
12.595330 2.551620 2.360130
13.658110 2.197360 2.369700
15.515580 1.115440 1.948420
16.559200 0.588840 2.350550
17.133680 0.205850 2.561200
18.837950 -0.129260 2.599490
19.594340 0.167550 2.484600
19.594340 0.292020 3.221840
19.594340 0.301600 3.566520
19.594340 -0.225000 4.045250
19.594340 -0.617560 4.523980
19.594340 -0.789900 4.859090
19.594340 -1.067560 5.500590
19.594340 -0.761180 6.132510
19.489020 -0.253730 6.429320
18.416670 0.052660 6.898470
17.689000 -0.110110 6.639960
17.526230 -0.971820 5.797400
15.831540 -0.416490 6.371870
14.021940 1.373950 7.415500
13.160230 2.369700 7.530390
12.413420 1.996300 7.003790
11.226170 1.498420 6.611230
10.029350 1.517570 6.458040
9.330410 1.622890 6.266550
8.899550 1.067560 5.969740
8.545290 0.540960 5.826120
8.114440 1.172880 6.122930
7.520820 2.111190 6.371870
7.405920 1.977150 6.266550
7.520820 1.192030 5.988890
7.693160 0.646280 5.826120
8.171890 0.713300 5.787820
8.717640 1.421820 5.988890
9.359130 1.603740 6.151650
10.192120 0.856920 5.854840
11.101700 0.043090 5.663350
11.771920 -0.033510 5.529310
12.700650 0.282450 5.510160
13.801730 0.023940 5.519730
15.123020 -0.885650 5.711230
16.779420 -1.077140 5.969740
18.273050 -0.502660 6.285700
19.220930 0.062230 6.324000
19.297530 -0.033510 6.218680
19.460290 -0.282450 6.218680
19.594340 -0.138830 5.998460
19.594340 0.167550 5.730370
19.594340 0.569690 5.615480
19.594340 0.607980 5.548460
19.594340 0.177130 5.414410
19.594340 0.435640 5.471860
19.364550 1.086710 5.873990
18.732630 1.843100 6.132510
18.292200 1.613310 5.605900
17.985810 0.885650 4.830370
17.191120 0.071810 4.150570
15.285790 0.713300 4.179300
14.251730 1.306930 3.997380
13.150660 0.732450 3.384610
11.695330 0.502660 3.068650
10.326160 0.952670 2.867580
9.282540 0.713300 2.503750
7.922950 0.550540 2.436730
7.281450 0.272870 2.637790
6.735700 0.205850 2.905880
5.893140 0.560110 3.221840
5.021860 0.703730 3.394180
4.131420 0.751600 3.566520
3.614400 0.751600 3.748440
3.154820 0.665430 4.045250
2.388850 0.588840 4.485680
1.804800 0.397340 4.533550
1.890980 0.244150 4.591000
1.766510 0.215430 4.926110
1.297350 0.215430 5.347390
0.943090 0.272870 5.471860
0.588840 0.282450 5.845270
0.023940 0.359050 5.979310
-0.215430 0.464370 5.883570
-0.090960 0.761180 5.893140
-0.071810 0.770750 5.988890
-0.330320 0.732450 6.333570
-0.426070 1.144160 6.592080
-0.292020 1.373950 7.061240
-0.646280 1.134590 7.310180
-1.163310 0.665430 7.348470
-1.182460 0.560110 7.425070
-0.531390 0.502660 7.415500
-0.110110 0.234580 7.559120
-0.493090 0.416490 7.836780
-0.818620 1.192030 8.401680
-0.866500 1.833530 9.205940
-0.847350 2.015450 9.809140
-0.655860 2.101620 10.029350
-0.694160 1.823950 10.182540
-0.828200 1.115440 9.971900
-0.339900 0.234580 9.569770
0.119680 -0.167550 9.416580
-0.090960 -0.004790 9.579350
-0.406920 0.301600 9.770840
-0.301600 0.406920 9.684670
0.081380 0.234580 9.531480
0.023940 0.263300 9.531480
-0.253730 0.339900 9.694240
-0.282450 0.445220 9.722970
-0.186700 0.540960 9.636790
