0.684580 1.201610 6.391020
0.885650 1.345230 5.644200
1.268630 1.354800 4.581430
1.919700 1.038840 3.394180
2.637790 0.071810 2.321830
2.666510 -0.157980 1.661190
2.647370 -0.090960 1.249480
2.934600 0.090960 0.694160
3.547370 0.416490 0.023940
3.978230 0.684580 -0.023940
4.073980 0.971820 -0.100530
4.648450 0.809050 -0.138830
5.816550 0.895220 -0.119680
7.434650 0.933520 -0.387770
8.583590 0.627130 -0.799480
9.263390 0.339900 -0.914370
10.364460 0.550540 -0.703730
12.288950 1.249480 -0.454790
14.347480 1.747360 -0.512240
16.607070 1.776080 -0.923950
19.450720 1.785660 -1.536720
19.594340 1.115440 -1.364370
19.584760 0.818620 -0.234580
19.594340 0.981390 1.239910
19.594340 1.105860 2.494170
19.594340 1.172880 3.355880
19.594340 0.837770 4.361210
19.594340 -0.684580 5.423990
19.594340 -2.139910 5.854840
19.594340 -2.685660 6.228250
19.594340 -1.622890 6.601660
19.594340 0.368620 7.022940
19.594340 2.063320 7.511240
19.096460 2.810130 7.654860
16.654950 2.551620 7.597410
14.443220 2.226090 7.760180
12.355970 2.273960 8.219760
10.766590 2.436730 8.641040
9.914460 2.609070 8.928280
9.205940 2.704810 9.167640
8.641040 2.561200 9.225090
8.277210 2.005870 9.378280
7.894220 1.527140 9.387860
7.970820 1.239910 9.110190
8.535720 0.971820 8.784660
9.119770 1.038840 8.382530
9.924030 1.048410 7.855930
10.891060 0.856920 7.281450
11.963410 0.684580 6.611230
13.227250 0.426070 6.065480
14.615570 0.215430 5.414410
16.013450 0.023940 4.763340
17.440060 -0.100530 4.275040
18.837950 -0.186700 3.920780
19.594340 -0.244150 4.188870
19.594340 -0.330320 4.830370
19.594340 0.100530 5.538880
19.594340 1.852680 5.835700
19.594340 3.202690 5.423990
19.594340 3.614400 4.437810
19.594340 2.733540 3.059070
19.594340 1.680340 2.015450
19.594340 0.818620 1.479270
19.594340 0.110110 1.019690
19.594340 -0.043090 0.780330
19.594340 -0.138830 0.397340
19.594340 -0.177130 -0.234580
19.268800 -0.177130 -0.339900
17.698570 -0.043090 0.138830
15.917710 -0.311170 0.722880
14.098540 -0.062230 1.172880
12.805980 -0.014360 0.971820
11.685750 -0.521810 0.876070
10.479360 -0.253730 1.153730
9.416580 0.540960 1.584590
8.056990 1.306930 1.996300
6.429320 1.546290 2.082470
5.309090 0.933520 1.862250
4.456960 0.569690 1.823950
3.959080 0.483520 2.321830
3.078220 1.038840 2.676090
2.092040 1.670760 3.097370
1.163310 1.670760 3.480350
0.588840 0.943090 3.528230
0.349470 0.148410 3.758010
0.349470 -0.157980 3.863340
0.368620 -0.043090 4.083550
0.263300 0.320750 4.562280
0.110110 0.406920 5.481440
0.033510 0.272870 6.228250
-0.033510 0.292020 6.572940
-0.167550 0.464370 6.831450
-0.090960 0.378200 7.042090
0.292020 0.100530 7.463370
0.320750 0.301600 7.836780
-0.004790 0.665430 8.277210
-0.138830 0.598410 8.535720
0.090960 0.253730 8.478270
0.339900 0.071810 8.526150
0.157980 0.033510 8.755940
-0.119680 0.177130 8.928280
-0.052660 0.244150 9.004870
0.004790 0.473940 9.148490
-0.119680 0.550540 9.387860
-0.177130 0.560110 9.445300
-0.148410 0.464370 9.435730
-0.062230 0.320750 9.196370
-0.138830 0.263300 9.244240
-0.272870 0.675010 9.493180
-0.119680 0.943090 9.742120
-0.167550 1.182460 9.885730
-0.263300 1.201610 9.924030
-0.196280 0.837770 9.904880
0.100530 0.464370 9.751690
0.138830 0.540960 9.809140
-0.196280 0.943090 9.751690
-0.244150 0.780330 9.732540
-0.033510 0.426070 9.550620
0.186700 0.426070 9.368710
0.090960 0.483520 9.368710
-0.071810 0.311170 9.311260
0.129260 0.253730 9.282540
0.129260 0.588840 9.416580
0.052660 0.588840 9.464450
-0.100530 0.512240 9.426150
