1.211180 0.378200 6.295270
1.728210 0.339900 6.362300
2.005870 1.153730 6.611230
1.852680 1.948420 6.726130
1.737780 1.843100 6.563360
2.130340 0.904800 5.912290
2.838860 0.387770 5.491010
3.202690 0.636710 5.701650
3.250560 1.268630 5.941020
3.748440 1.718630 5.912290
4.006950 2.092040 5.558030
3.920780 1.766510 4.973980
4.141000 0.675010 4.399510
5.108030 -0.349470 4.035680
6.256970 -0.311170 4.476110
6.352720 1.153730 5.318670
6.525060 1.900550 5.644200
7.080390 1.402670 5.510160
8.056990 0.292020 4.562280
8.621890 0.272870 4.830370
8.363380 1.709060 6.189950
8.985730 3.260140 7.501670
9.885730 4.313340 8.066570
10.345310 4.045250 7.836780
10.498510 2.494170 6.793150
10.757020 0.684580 6.055910
11.934690 -0.416490 5.481440
12.844270 0.000000 5.596330
13.074060 1.373950 6.247400
12.738950 2.245230 6.812300
12.413420 1.986720 7.252730
13.150660 1.469690 7.185710
13.303850 2.408000 7.377200
13.083640 3.202690 7.539970
13.169810 2.666510 6.821870
13.198530 1.517570 5.806970
13.102790 0.847350 5.175050
12.930440 0.799480 5.146330
12.624060 1.239910 5.117600
12.422990 1.421820 4.878240
12.269800 0.952670 4.399510
12.193200 0.866500 4.217590
11.733620 1.306930 4.208020
11.590010 1.440970 4.141000
11.762350 1.134590 3.777160
11.733620 0.914370 3.442050
11.503840 0.828200 3.365460
11.130430 0.876070 3.375030
11.159150 0.809050 3.154820
11.235750 0.809050 2.972900
10.843190 0.856920 2.819710
10.488930 0.627130 2.599490
10.575100 0.244150 2.379280
10.613400 0.521810 2.379280
10.402760 1.000540 2.455870
10.000630 0.962240 2.369700
9.847440 0.579260 2.139910
9.857010 0.560110 2.005870
9.818710 0.866500 1.986720
9.703820 1.038840 1.996300
9.483600 1.019690 1.871830
9.521900 0.751600 1.536720
9.598500 0.665430 1.393100
9.531480 0.971820 1.680340
9.378280 1.536720 2.072890
9.655940 1.814380 2.015450
9.895310 1.469690 1.575020
9.943180 0.263300 1.019690
10.134670 -0.129260 0.818620
10.010200 0.330320 1.115440
9.952760 0.828200 1.383520
10.268720 1.010120 1.335650
10.498510 0.665430 1.105860
10.393190 0.426070 1.115440
10.230420 0.684580 1.498420
10.192120 0.770750 1.728210
10.575100 0.445220 1.287780
11.245320 0.177130 0.856920
10.900640 0.253730 1.278200
10.632550 1.048410 2.130340
10.613400 1.737780 2.714390
10.651700 1.938850 2.992050
11.264470 1.833530 2.944180
11.934690 1.661190 2.513320
12.241080 1.594160 2.254810
12.011290 1.268630 2.044170
11.685750 1.067560 2.130340
11.436810 1.306930 2.273960
11.628300 1.335650 2.331410
11.187870 1.460120 2.714390
10.871910 1.498420 3.116520
11.264470 1.115440 2.905880
11.455960 0.732450 2.982480
11.455960 0.636710 3.317590
11.427240 0.990970 3.882480
11.398510 1.326080 4.495260
11.896390 1.057990 4.322910
11.666600 0.713300 4.026100
11.072980 0.292020 4.093120
11.111280 0.000000 4.303770
10.938940 0.550540 4.811220
10.632550 1.316500 5.634630
10.469780 1.584590 6.170800
10.326160 1.201610 6.036760
10.412330 0.473940 5.826120
10.297440 0.119680 5.931440
10.019780 0.636710 6.419740
9.512330 1.843100 7.042090
9.320830 2.044170 7.109110
9.464450 0.703730 6.458040
9.282540 -0.339900 6.237830
8.775080 0.292020 6.860170
8.478270 1.718630 7.348470
8.574020 1.756930 7.156980
8.372950 0.339900 6.572940
8.095290 -0.435640 6.276120
7.664440 -0.205850 6.582510
7.731460 0.301600 7.061240
7.109110 1.488840 7.501670
6.410170 1.651610 7.281450
6.314420 0.426070 6.774000
6.017610 -0.359050 6.601660
5.615480 0.205850 7.156980
5.577180 1.029270 7.635710
5.500590 1.153730 7.817630
