1.172880 0.847350 8.152740
1.335650 0.665430 7.405920
1.507990 0.665430 6.946340
1.613310 0.799480 6.391020
1.766510 0.818620 5.634630
2.025020 0.627130 4.562280
2.159060 0.320750 3.729290
2.273960 0.033510 3.145240
2.379280 0.234580 3.509080
2.082470 1.144160 3.872910
2.015450 2.101620 4.342060
2.551620 2.714390 4.562280
3.432480 2.714390 4.476110
4.169720 2.168640 3.863340
4.447380 1.632460 4.188870
4.265470 1.239910 4.313340
5.060160 1.153730 4.504830
6.151650 1.871830 4.648450
6.582510 2.379280 5.347390
6.534640 2.130340 6.094210
7.520820 1.460120 6.209100
8.918700 1.852680 6.075060
9.244240 2.723960 6.228250
9.196370 2.752690 6.295270
10.038930 1.862250 6.467620
11.197450 1.230330 6.036760
11.752770 1.479270 6.237830
10.785740 2.446300 7.348470
10.804890 2.848430 7.721880
12.384690 2.992050 7.089960
12.834700 3.413330 6.611230
12.681500 3.145240 6.256970
13.112360 2.312260 5.538880
13.332580 1.613310 4.983560
13.026190 1.364370 5.060160
13.074060 1.287780 5.194200
13.610240 1.469690 5.060160
13.562360 1.737780 5.002710
13.447470 1.460120 4.801640
13.418750 1.096290 4.629300
13.323000 1.000540 4.485680
13.313430 0.665430 4.150570
13.275130 0.253730 3.901630
13.188960 0.138830 3.815460
13.265550 0.502660 4.045250
13.045340 1.144160 4.227170
12.557040 1.278200 4.313340
11.992140 0.933520 4.188870
11.963410 0.569690 3.901630
11.800650 0.646280 3.748440
11.475110 1.048410 3.825040
10.852760 1.086710 4.035680
10.479360 0.962240 4.121850
10.441060 1.010120 4.112270
10.393190 0.990970 3.939930
9.962330 0.847350 3.959080
9.579350 0.809050 3.968660
9.454880 0.990970 3.920780
9.416580 0.952670 3.729290
9.579350 0.531390 3.528230
9.407000 0.588840 3.576100
9.282540 0.904800 3.614400
9.378280 0.895220 3.566520
9.330410 0.713300 3.623970
9.301690 0.799480 3.700570
9.474030 0.876070 3.652690
9.732540 0.751600 3.576100
10.000630 0.378200 3.547370
10.441060 0.244150 3.652690
10.910210 0.445220 3.690990
11.417660 0.665430 3.748440
11.743200 0.684580 3.882480
11.925110 0.732450 4.083550
12.078310 0.895220 4.208020
12.748530 0.789900 4.064400
13.514490 0.789900 3.710140
13.907050 0.406920 3.145240
13.744280 -0.244150 2.656940
13.524070 -0.502660 2.743110
13.552790 -0.234580 3.212260
13.715560 0.751600 3.719720
13.485770 1.814380 4.035680
13.131510 1.632460 4.227170
13.265550 0.263300 3.710140
13.370870 -0.473940 3.183540
12.451720 0.301600 4.160150
12.451720 1.421820 5.069730
12.959170 1.689910 5.194200
12.355970 1.211180 5.194200
12.174050 0.646280 4.868660
12.040010 0.119680 4.638870
11.590010 0.234580 4.859090
11.187870 1.010120 5.127180
10.622970 1.373950 5.251650
9.751690 0.914370 5.864420
10.307010 0.521810 5.806970
10.603830 0.703730 5.941020
9.426150 1.201610 6.448470
8.947430 1.144160 6.582510
8.746360 0.521810 6.285700
8.612320 -0.110110 5.787820
8.171890 -0.426070 6.065480
7.415500 0.483520 6.850600
6.936770 2.034590 7.319750
6.496340 2.092040 6.955920
6.161230 0.588840 6.505910
5.835700 -0.636710 6.419740
5.289940 0.052660 6.860170
5.041010 1.172880 7.214430
4.677170 1.096290 7.128260
4.141000 0.205850 7.032510
3.844190 0.043090 7.568690
3.930360 0.780330 7.989970
3.939930 1.354800 8.305930
3.509080 1.220760 8.047420
3.298440 0.406920 7.645290
3.116520 -0.110110 7.501670
2.762260 0.292020 7.760180
2.484600 0.990970 8.104870
1.977150 0.990970 8.018690
1.804800 0.713300 7.808050
1.488840 0.655860 7.731460
1.182460 0.588840 7.520820
1.048410 0.483520 7.434650
0.971820 0.406920 7.654860
