1.814380 0.579260 6.276120
2.101620 0.292020 5.577180
2.532470 0.320750 4.954840
2.972900 0.627130 4.638870
3.020770 0.818620 4.351640
3.154820 0.837770 4.179300
3.518650 0.856920 3.844190
3.949510 0.732450 3.461200
4.409090 0.598410 3.030350
4.906960 0.770750 2.743110
5.261220 0.799480 2.408000
5.577180 0.397340 2.178210
6.122930 0.483520 2.245230
7.176130 0.885650 2.206940
8.162310 1.642040 2.331410
9.043170 2.015450 2.532470
10.364460 1.862250 2.465450
11.628300 1.584590 2.178210
12.394270 1.326080 2.025020
13.495340 1.163310 1.929270
15.046420 0.713300 1.718630
16.338990 0.569690 1.948420
17.794320 0.732450 2.101620
19.383700 0.665430 2.388850
19.594340 0.646280 2.858010
19.594340 0.502660 3.671840
19.594340 0.464370 4.504830
19.594340 0.205850 5.356970
19.594340 0.052660 6.285700
19.594340 -0.387770 7.042090
19.594340 -0.588840 7.386770
19.594340 -0.473940 7.808050
19.067740 0.282450 8.229340
17.689000 1.201610 8.411250
16.051750 1.747360 8.372950
14.347480 1.843100 8.143160
12.796400 1.814380 7.875080
11.666600 1.910120 7.798480
10.737870 2.072890 7.980400
9.799560 2.484600 8.085720
9.311260 2.676090 8.047420
8.602740 2.532470 8.028270
8.018690 2.120770 7.788900
7.999550 2.120770 7.539970
8.114440 2.398430 7.405920
8.229340 2.159060 7.233580
8.574020 1.843100 6.908050
9.311260 1.536720 6.630380
9.866590 1.383520 6.410170
10.488930 1.431400 6.304850
11.264470 1.220760 6.132510
12.279370 0.828200 5.873990
13.447470 0.636710 5.749520
14.586840 0.789900 5.835700
15.812390 0.923950 5.864420
16.721970 0.789900 5.682500
17.526230 0.320750 5.625050
18.033680 0.397340 5.414410
18.091130 0.675010 5.232500
18.186880 0.397340 4.839940
18.330500 -0.282450 4.351640
18.636880 -0.732450 3.920780
18.541140 -0.349470 4.026100
18.378370 0.263300 4.141000
18.282620 -0.119680 3.997380
17.851770 -0.473940 3.901630
17.306020 -0.033510 3.997380
16.846440 0.627130 4.380360
16.338990 1.029270 4.648450
15.161320 1.230330 4.677170
14.548550 0.560110 3.968660
13.667690 -0.205850 3.432480
12.422990 -0.272870 3.767590
11.733620 0.368620 4.169720
10.785740 1.546290 4.313340
9.493180 1.479270 4.141000
8.660190 0.225000 3.470780
8.047420 -0.694160 3.394180
7.463370 0.033510 3.700570
6.754850 1.163310 4.093120
5.797400 1.259050 4.026100
4.830370 0.483520 3.825040
4.208020 -0.014360 4.016530
3.939930 0.196280 4.265470
3.671840 0.464370 4.456960
2.934600 0.818620 4.763340
2.216510 1.259050 4.954840
2.101620 1.115440 5.175050
1.843100 0.416490 5.261220
1.326080 0.138830 5.471860
1.077140 0.435640 6.075060
1.354800 0.818620 6.601660
1.488840 0.943090 7.089960
1.057990 0.703730 7.415500
0.713300 0.464370 7.539970
0.703730 0.512240 7.482520
0.703730 0.512240 7.405920
0.607980 -0.311170 7.109110
0.598410 -1.306930 7.128260
0.473940 -0.818620 7.674010
0.397340 0.512240 8.277210
0.416490 0.866500 8.478270
0.320750 0.129260 8.286780
0.320750 -0.244150 8.382530
0.234580 0.119680 8.574020
0.052660 0.607980 8.564440
-0.177130 0.703730 8.401680
-0.234580 0.225000 8.181460
-0.129260 -0.081380 8.085720
-0.014360 0.263300 8.277210
-0.014360 0.780330 8.554870
-0.177130 1.057990 8.746360
-0.349470 1.096290 8.784660
-0.272870 0.809050 8.775080
-0.062230 0.464370 8.765510
-0.157980 0.521810 9.043170
-0.550540 0.962240 9.320830
-0.330320 1.096290 9.416580
0.062230 1.010120 9.435730
-0.071810 0.904800 9.588920
-0.416490 0.789900 9.493180
-0.311170 0.722880 9.502750
0.000000 0.799480 9.608070
-0.138830 1.000540 9.627220
-0.301600 0.876070 9.742120
