-0.943090 1.910120 8.468700
-0.885650 1.632460 8.181460
-0.732450 1.603740 7.798480
-0.531390 1.546290 7.329330
-0.378200 1.603740 7.022940
-0.186700 1.900550 6.812300
0.081380 1.737780 6.486770
0.512240 1.584590 6.008040
0.761180 1.326080 5.519730
0.847350 1.115440 5.242070
1.077140 1.383520 5.165480
1.440970 1.431400 5.146330
1.881400 1.335650 4.973980
2.235660 0.885650 4.466530
2.226090 0.550540 4.303770
2.647370 0.512240 4.571850
2.800560 1.517570 5.596330
2.982480 2.417580 6.324000
3.221840 2.589920 6.563360
3.547370 2.092040 6.161230
4.418660 0.703730 5.423990
5.280370 -0.043090 5.222920
5.768670 -0.157980 5.615480
6.352720 0.234580 5.979310
6.601660 0.569690 6.458040
6.831450 1.259050 7.099540
6.994220 2.034590 7.961250
7.463370 2.235660 8.382530
7.999550 1.967570 8.420830
8.727210 1.373950 8.076140
9.474030 0.627130 7.712310
10.345310 -0.292020 7.559120
11.072980 -0.493090 7.913370
11.446390 -0.416490 8.641040
11.637880 0.023940 9.368710
11.733620 -0.052660 9.713390
11.771920 0.052660 9.885730
11.963410 -0.483520 10.153820
12.499590 -0.129260 10.690000
12.844270 -0.043090 11.120850
12.930440 0.033510 11.207020
12.719800 -0.196280 11.159150
12.241080 -0.646280 11.063400
11.628300 -0.837770 10.967660
11.226170 -0.856920 10.795320
10.824040 -0.732450 10.603830
10.307010 -0.713300 10.460210
9.703820 -0.292020 10.364460
9.196370 -0.090960 9.952760
8.775080 0.052660 9.292110
8.420830 -0.157980 8.765510
8.382530 0.100530 8.507000
8.229340 0.320750 8.210190
7.951670 0.234580 7.674010
7.788900 0.426070 7.224010
7.884650 0.359050 6.793150
7.913370 0.282450 6.563360
7.932520 0.416490 6.391020
7.884650 0.292020 6.170800
8.085720 0.311170 5.941020
8.277210 0.272870 5.797400
8.430400 0.129260 5.653780
8.439980 0.320750 5.720800
8.564440 0.320750 5.749520
8.612320 0.138830 5.979310
8.775080 0.129260 6.036760
8.736790 0.043090 6.170800
8.957000 0.071810 6.458040
9.253810 0.004790 6.994220
9.904880 -0.052660 7.654860
10.316590 -0.043090 8.277210
10.278290 -0.014360 8.602740
10.584680 -0.110110 8.708060
10.891060 -0.263300 8.880400
11.101700 -0.560110 8.822960
11.187870 -0.646280 8.813380
11.111280 -0.244150 9.129340
11.140000 0.004790 9.483600
11.408090 0.119680 9.684670
11.590010 0.311170 9.722970
11.886820 0.464370 9.387860
11.972990 0.119680 8.851680
11.925110 -0.378200 8.430400
11.580430 -0.579260 8.507000
10.843190 -0.052660 9.119770
10.536800 0.464370 9.531480
10.699570 0.000000 9.272960
10.757020 -0.780330 8.612320
10.421910 -1.163310 8.286780
9.541050 -0.205850 8.889980
8.861260 0.971820 9.598500
8.612320 1.172880 9.579350
8.353800 0.483520 8.583590
7.980400 -0.138830 7.942100
7.702730 -0.177130 7.884650
7.147410 0.646280 8.248480
6.601660 0.923950 8.181460
6.094210 0.837770 7.664440
5.596330 0.732450 7.291030
5.251650 0.636710 7.099540
4.667600 0.837770 7.070810
4.179300 0.809050 6.812300
3.920780 0.981390 6.601660
3.547370 0.761180 6.572940
3.173970 0.761180 6.697400
2.685660 0.952670 6.620810
2.187790 0.914370 6.333570
1.862250 0.722880 6.189950
1.833530 0.742030 6.237830
1.699480 1.038840 6.189950
1.144160 1.048410 6.132510
0.885650 1.316500 5.979310
0.732450 1.268630 5.931440
0.502660 1.393100 5.960160
0.244150 1.709060 6.046330
0.090960 1.440970 6.256970
0.000000 1.373950 6.754850
-0.043090 1.306930 7.032510
-0.138830 1.507990 6.984640
-0.234580 1.460120 7.051660
-0.272870 1.555870 7.329330
-0.292020 1.565440 7.654860
-0.292020 1.383520 7.779330
-0.406920 1.278200 7.788900
-0.502660 1.507990 7.788900
