1.057990 0.962240 8.727210
1.077140 1.086710 8.143160
1.086710 1.086710 7.568690
1.019690 1.182460 6.917620
1.239910 1.096290 6.142080
1.699480 0.952670 5.222920
2.082470 0.550540 4.035680
2.197360 0.052660 2.858010
2.408000 -0.263300 1.910120
2.666510 -0.378200 0.828200
2.743110 0.043090 0.339900
2.867580 0.167550 -0.177130
3.212260 0.157980 -0.598410
3.882480 0.387770 -0.789900
4.523980 0.560110 -0.837770
5.309090 0.569690 -0.866500
6.611230 0.751600 -0.847350
8.219760 1.067560 -0.722880
9.981480 1.230330 -0.531390
11.628300 1.412250 -0.244150
12.987890 1.661190 -0.090960
14.634720 1.584590 0.225000
16.492180 1.029270 0.359050
18.024110 0.981390 0.540960
19.469870 1.747360 0.895220
19.594340 2.446300 1.230330
19.594340 2.417580 1.852680
19.594340 1.967570 2.245230
19.594340 1.536720 2.340980
19.594340 1.278200 3.154820
19.594340 1.115440 4.476110
19.594340 0.780330 5.893140
19.594340 0.607980 7.147410
19.594340 0.339900 7.961250
19.594340 0.215430 8.545290
19.594340 0.454790 9.043170
19.412420 1.019690 9.091040
17.612400 1.498420 9.024020
15.534720 1.756930 8.966580
13.763430 1.967570 8.889980
12.221930 2.025020 8.899550
10.728290 2.130340 9.024020
9.579350 2.321830 9.158070
8.669760 2.532470 9.225090
7.932520 2.589920 9.253810
7.530390 2.455870 9.014450
7.501670 2.092040 8.679340
7.712310 1.670760 8.315510
8.191040 1.172880 7.961250
8.736790 1.019690 7.626140
9.512330 1.105860 7.348470
10.469780 0.876070 6.965490
11.570860 0.292020 6.659110
12.652780 0.023940 6.448470
14.203860 0.071810 6.391020
15.745360 0.569690 6.419740
17.258140 1.153730 6.553790
18.847520 1.393100 6.304850
19.527320 1.172880 6.228250
19.594340 0.876070 6.170800
19.594340 0.828200 5.711230
19.594340 1.383520 5.289940
19.594340 1.680340 5.031430
19.594340 1.316500 4.638870
19.594340 1.096290 4.255890
19.594340 1.019690 3.623970
19.594340 1.067560 3.193120
19.594340 1.048410 3.001620
19.594340 1.019690 2.858010
19.039010 1.584590 3.020770
18.387940 1.756930 2.982480
17.143250 1.555870 2.695240
15.745360 1.153730 2.331410
14.136840 0.789900 2.417580
12.719800 0.607980 2.427150
11.877240 0.646280 2.226090
10.613400 0.646280 2.139910
9.225090 0.636710 2.609070
8.219760 0.837770 2.771840
7.463370 1.029270 2.561200
6.572940 0.799480 2.197360
5.519730 0.177130 2.063320
4.677170 0.253730 2.302680
4.083550 1.115440 2.905880
3.240990 1.565440 3.470780
2.379280 0.828200 3.556950
1.938850 0.119680 3.595250
1.890980 0.416490 3.700570
1.728210 1.077140 4.246320
1.115440 1.010120 4.552700
0.856920 0.292020 4.696320
0.770750 0.186700 5.337820
0.579260 0.933520 5.893140
0.636710 1.287780 6.180380
0.655860 0.598410 6.094210
0.330320 -0.272870 6.103780
-0.081380 -0.349470 6.448470
0.119680 0.282450 7.032510
0.550540 0.962240 7.559120
0.540960 0.876070 7.712310
