10.881490 1.450550 3.269710
10.479360 1.642040 2.905880
10.297440 0.856920 2.446300
10.172970 0.426070 2.283530
10.230420 0.856920 2.273960
10.354890 1.306930 2.226090
10.134670 1.220760 2.092040
10.144250 0.694160 1.776080
10.077230 0.713300 1.689910
10.000630 1.105860 1.823950
10.000630 1.134590 1.651610
10.153820 0.675010 1.440970
9.933610 0.540960 1.527140
10.096370 0.895220 1.613310
10.211270 1.019690 1.575020
10.067650 0.742030 1.431400
10.144250 0.531390 1.249480
10.125100 0.473940 1.172880
10.115520 0.636710 1.096290
10.144250 0.607980 1.029270
10.067650 0.454790 0.923950
10.019780 0.598410 0.943090
9.904880 0.732450 1.019690
10.038930 0.732450 0.990970
10.144250 0.512240 0.933520
10.000630 0.531390 1.048410
10.077230 0.703730 1.201610
9.981480 1.067560 1.517570
10.153820 1.335650 1.565440
10.297440 0.943090 1.335650
10.134670 0.588840 1.125010
10.172970 0.512240 1.268630
10.144250 0.990970 1.843100
10.192120 2.063320 2.427150
10.192120 2.139910 2.226090
10.603830 0.962240 1.192030
10.680420 -0.186700 0.598410
10.642120 -0.416490 0.445220
10.575100 0.004790 0.828200
10.326160 1.077140 1.306930
10.757020 1.115440 0.866500
10.728290 0.397340 0.493090
10.517650 0.119680 0.368620
10.517650 0.445220 0.521810
10.220840 1.077140 0.789900
10.862340 0.885650 0.598410
11.015530 0.876070 0.493090
10.565530 1.278200 0.502660
10.220840 1.096290 0.521810
9.665520 0.847350 0.780330
9.828290 0.971820 1.000540
9.703820 1.326080 1.488840
9.617650 1.364370 2.034590
9.885730 1.498420 2.264380
10.105950 1.373950 2.417580
10.153820 1.316500 2.513320
10.307010 1.153730 2.513320
10.431480 0.856920 2.417580
10.441060 0.598410 2.427150
10.402760 0.521810 2.628220
10.508080 0.761180 2.676090
10.517650 0.655860 2.676090
10.354890 0.378200 2.676090
10.345310 0.406920 2.637790
10.364460 0.493090 2.656940
10.268720 0.368620 2.685660
10.000630 0.234580 2.714390
10.000630 0.177130 2.915450
10.153820 0.445220 3.202690
10.192120 1.057990 3.690990
10.038930 1.622890 4.045250
9.866590 1.594160 4.112270
9.837860 1.000540 3.892060
9.981480 0.387770 3.509080
9.828290 0.205850 3.489930
9.675090 0.703730 3.786740
9.789990 1.201610 4.141000
9.809140 1.278200 4.380360
9.569770 1.077140 4.466530
9.684670 0.521810 4.332490
9.780410 0.157980 4.342060
9.732540 0.282450 4.686750
9.426150 0.914370 5.404840
9.474030 1.479270 5.806970
9.646370 1.278200 5.558030
9.368710 0.579260 5.318670
9.119770 0.062230 5.136750
9.119770 -0.062230 5.222920
9.196370 0.406920 5.941020
8.957000 1.239910 6.706980
9.004870 1.412250 7.109110
8.957000 1.000540 6.793150
9.071900 0.090960 6.170800
8.870830 -0.617560 5.941020
8.612320 -0.157980 6.458040
8.660190 1.048410 7.109110
8.583590 1.555870 7.109110
8.277210 0.847350 6.812300
7.932520 -0.052660 6.448470
8.028270 -0.081380 6.630380
8.037840 0.742030 7.061240
7.683580 1.450550 7.597410
7.367620 1.393100 7.683580
7.635710 0.426070 7.291030
7.587840 -0.052660 7.348470
7.271880 0.177130 7.827200
7.195280 0.971820 8.219760
7.262300 1.163310 8.181460
7.128260 0.378200 7.855930
6.783580 -0.100530 7.721880
6.400590 0.330320 7.970820
6.324000 0.847350 8.191040
6.410170 1.125010 8.315510
5.998460 1.268630 8.449550
5.711230 1.316500 8.526150
5.682500 1.125010 8.305930
5.625050 0.742030 7.922950
5.529310 0.368620 7.721880
5.155900 0.406920 7.951670
4.887810 0.837770 8.449550
4.763340 1.421820 8.765510
4.878240 1.220760 8.507000
4.878240 0.445220 8.162310
4.332490 0.177130 8.210190
3.987800 0.368620 8.449550
