1.709060 0.847350 4.514410
1.756930 0.703730 4.389940
1.948420 0.684580 4.303770
2.427150 0.828200 4.198450
2.628220 1.000540 4.342060
2.637790 0.895220 4.342060
2.953750 1.115440 4.332490
3.518650 1.546290 4.476110
4.255890 1.440970 4.208020
4.916540 1.000540 3.623970
5.088880 0.694160 3.221840
5.414410 0.081380 2.810130
6.630380 -0.531390 2.465450
7.817630 0.081380 2.762260
8.018690 1.211180 3.422910
7.884650 1.919700 4.083550
9.234660 1.316500 3.633550
10.862340 1.038840 3.509080
11.398510 1.689910 3.786740
12.107030 2.005870 4.093120
12.959170 1.795230 4.188870
13.763430 1.345230 4.064400
15.343230 0.904800 3.729290
16.406010 1.326080 3.987800
17.200700 1.728210 4.409090
18.062410 1.737780 4.906960
18.857100 1.536720 5.050580
19.536890 1.096290 5.117600
19.556040 0.856920 5.337820
19.594340 0.694160 5.356970
19.575190 0.129260 5.328240
19.029440 -0.215430 5.759100
18.071980 0.502660 6.467620
17.104950 1.354800 6.936770
15.936860 1.517570 7.185710
14.854930 1.431400 7.176130
13.983640 1.555870 7.032510
12.997470 1.737780 6.908050
12.001710 1.661190 6.754850
11.274040 1.373950 6.611230
10.718720 1.373950 6.467620
10.115520 1.412250 6.496340
9.445300 1.364370 6.486770
9.148490 1.287780 6.620810
8.870830 1.536720 6.706980
8.861260 1.575020 6.735700
8.784660 1.383520 6.649530
8.813380 1.057990 6.477190
9.062320 1.163310 6.419740
9.378280 1.163310 6.371870
9.818710 1.029270 6.218680
10.374040 0.981390 5.941020
11.082550 0.809050 5.577180
11.752770 0.378200 5.251650
12.413420 0.071810 4.964410
12.815550 0.244150 5.069730
12.892150 0.435640 5.242070
13.485770 0.368620 5.452710
14.577270 0.416490 5.567610
15.620900 0.847350 5.548460
16.214520 1.144160 5.701650
16.769840 1.057990 5.730370
17.564530 0.990970 5.644200
17.717720 1.383520 5.500590
17.708150 1.134590 5.309090
17.679430 0.579260 4.993130
17.650700 0.540960 4.935690
17.239000 0.943090 5.155900
17.028360 1.345230 5.127180
16.875160 0.943090 4.801640
16.291120 0.177130 4.361210
15.707070 -0.004790 4.409090
15.218760 0.311170 4.686750
14.625140 0.923950 4.744190
13.370870 1.622890 4.830370
12.758100 0.809050 4.093120
12.126180 -0.454790 3.279290
10.555950 -0.167550 3.777160
9.655940 1.077140 4.485680
9.014450 1.622890 4.418660
8.133590 0.856920 3.968660
7.348470 -0.157980 3.643120
6.668680 -0.138830 3.738870
5.988890 0.703730 4.016530
5.385690 1.134590 4.160150
4.820790 0.483520 3.949510
4.236740 0.253730 3.786740
3.930360 0.272870 4.456960
3.288860 0.483520 5.289940
2.685660 1.163310 5.845270
2.350550 1.402670 5.998460
2.101620 0.722880 5.864420
1.967570 -0.043090 5.845270
1.958000 -0.119680 6.132510
1.881400 0.502660 6.496340
1.498420 0.981390 6.879320
1.192030 0.742030 6.927190
1.153730 0.531390 7.243150
1.048410 0.732450 7.492090
0.809050 0.856920 7.539970
0.512240 0.799480 7.453800
0.607980 0.588840 7.396350
0.761180 0.655860 7.674010
0.607980 0.895220 7.951670
0.397340 1.077140 8.143160
0.244150 0.770750 7.951670
0.473940 0.023940 7.664440
0.646280 -0.263300 7.683580
0.320750 0.397340 8.066570
-0.177130 1.096290 8.392100
-0.234580 1.010120 8.430400
-0.023940 0.885650 8.459130
0.023940 0.990970 8.430400
-0.062230 0.866500 8.325080
-0.043090 0.713300 8.286780
0.052660 0.770750 8.392100
-0.138830 1.000540 8.736790
-0.167550 1.134590 8.966580
0.110110 1.211180 9.081470
0.157980 1.096290 8.870830
0.081380 0.713300 8.669760
0.196280 0.483520 8.641040
0.339900 0.675010 8.909130
0.177130 1.067560 9.272960
0.110110 1.316500 9.579350
