0.923950 0.990970 7.233580
0.895220 1.316500 6.860170
0.904800 1.488840 6.247400
1.029270 1.507990 5.672930
1.345230 1.373950 4.945260
1.881400 1.029270 4.188870
2.484600 0.579260 3.489930
2.733540 0.292020 3.126090
2.925030 0.014360 2.829280
3.489930 0.000000 2.542050
4.045250 0.426070 2.609070
4.275040 0.933520 2.800560
4.648450 0.943090 2.561200
5.184620 0.694160 2.063320
5.318670 0.770750 2.005870
5.739950 0.569690 1.594160
6.860170 0.426070 1.182460
7.875080 0.876070 1.393100
8.401680 1.527140 2.034590
9.952760 1.536720 2.216510
12.231500 1.182460 2.216510
13.543220 1.134590 2.685660
14.318750 1.642040 3.604820
15.821960 1.929270 4.294190
17.420910 2.302680 4.696320
18.206030 2.455870 5.060160
18.770930 2.111190 4.973980
19.527320 1.000540 4.667600
19.594340 0.062230 4.380360
19.594340 -0.923950 4.150570
19.594340 -1.823950 4.141000
19.594340 -2.072890 4.648450
19.594340 -1.919700 5.337820
19.594340 -1.192030 5.806970
19.594340 -0.368620 6.362300
19.192210 0.225000 6.706980
18.359220 0.742030 6.553790
17.181550 1.383520 6.582510
15.678340 1.642040 6.515490
14.337900 1.747360 6.285700
13.169810 1.642040 6.276120
12.461290 1.402670 5.979310
11.915540 1.239910 5.845270
10.804890 1.335650 5.845270
10.019780 1.038840 5.979310
9.359130 0.799480 6.036760
8.889980 0.828200 6.285700
8.497420 0.923950 6.419740
8.219760 0.837770 6.525060
7.702730 0.809050 6.525060
7.597410 0.789900 6.544210
7.750610 1.019690 6.620810
7.980400 1.125010 6.659110
8.305930 1.144160 6.620810
8.976150 1.230330 6.477190
9.837860 1.306930 6.209100
10.785740 1.125010 6.094210
11.570860 0.770750 5.902720
12.509160 0.416490 5.644200
13.380450 0.263300 5.404840
14.328330 -0.023940 5.251650
15.237910 -0.196280 5.280370
16.032600 -0.253730 5.519730
17.420910 -0.023940 5.529310
19.000710 0.272870 5.251650
19.594340 0.473940 4.993130
19.594340 0.359050 5.242070
19.594340 0.215430 4.993130
19.594340 0.292020 4.428230
19.402850 0.473940 4.322910
19.039010 0.196280 4.552700
19.354970 0.062230 4.868660
19.594340 0.349470 4.792070
19.431570 0.703730 4.447380
18.129430 0.359050 4.428230
17.286870 -0.569690 4.342060
16.856010 -0.378200 4.045250
15.678340 0.483520 3.911210
14.433650 0.876070 3.978230
13.552790 0.722880 3.786740
12.355970 0.426070 3.499500
10.977230 0.292020 3.327160
9.617650 0.234580 3.413330
8.717640 0.043090 3.212260
8.229340 -0.157980 2.886730
7.741030 -0.225000 3.020770
6.706980 0.244150 3.221840
5.644200 0.952670 3.518650
4.725050 0.971820 3.451630
4.322910 0.272870 3.346310
3.681420 0.148410 3.738870
2.905880 0.607980 4.284620
2.369700 1.230330 4.686750
1.986720 1.287780 4.792070
1.536720 0.780330 5.309090
1.326080 0.196280 5.529310
1.622890 0.090960 5.615480
1.661190 0.560110 5.979310
1.201610 0.952670 6.438890
0.665430 0.694160 6.802730
0.521810 0.368620 6.802730
0.885650 0.215430 7.032510
1.048410 0.416490 7.042090
0.684580 0.684580 7.291030
-0.004790 0.675010 7.377200
-0.205850 0.550540 7.329330
0.110110 0.675010 7.291030
0.225000 0.818620 7.635710
-0.100530 1.067560 8.095290
-0.435640 1.383520 8.641040
-0.512240 1.651610 8.583590
-0.330320 1.354800 8.363380
-0.196280 0.607980 8.315510
-0.282450 0.416490 8.286780
-0.119680 0.521810 8.315510
-0.090960 0.895220 8.497420
-0.196280 1.048410 8.564440
-0.081380 0.770750 8.564440
-0.100530 0.617560 8.688910
-0.263300 0.789900 8.870830
-0.205850 0.895220 8.976150
0.052660 0.876070 9.081470
0.148410 1.057990 9.282540
-0.033510 1.460120 9.694240
-0.138830 1.603740 10.096370
