9.732540 0.780330 5.749520
9.866590 0.512240 5.452710
10.172970 0.215430 5.538880
10.632550 0.856920 5.883570
11.130430 1.843100 6.295270
11.503840 2.226090 6.582510
11.120850 2.360130 7.051660
11.360220 2.350550 6.955920
12.116610 2.302680 6.601660
12.107030 2.063320 6.209100
12.135760 1.440970 5.778250
11.771920 1.527140 5.644200
11.465540 2.082470 5.653780
11.417660 2.206940 5.270800
11.465540 1.852680 4.705900
11.369790 1.402670 3.959080
11.130430 1.268630 3.509080
10.795320 1.689910 3.585670
10.948510 1.919700 3.432480
11.053830 1.642040 3.154820
10.632550 1.211180 2.972900
10.690000 0.923950 2.800560
10.881490 0.990970 2.733540
11.015530 1.067560 2.695240
10.996380 1.201610 2.656940
10.536800 1.402670 2.704810
10.469780 0.943090 2.484600
10.575100 0.579260 2.379280
10.421910 0.895220 2.455870
10.125100 1.354800 2.656940
10.029350 1.364370 2.829280
9.991050 1.268630 2.944180
10.029350 1.373950 3.068650
10.144250 1.354800 3.059070
10.172970 1.163310 3.164390
9.876160 1.469690 3.518650
9.971900 1.507990 3.719720
10.010200 1.460120 3.710140
9.904880 1.306930 3.681420
10.058080 1.048410 3.384610
10.297440 1.000540 3.250560
10.335740 0.990970 3.250560
10.441060 1.259050 3.470780
10.555950 1.498420 3.566520
10.498510 1.373950 3.317590
10.460210 1.096290 3.001620
10.546380 1.038840 2.867580
10.508080 1.412250 3.106940
10.450630 1.977150 3.576100
10.728290 2.226090 3.690990
11.005960 2.053740 3.461200
11.082550 1.603740 3.250560
11.455960 1.144160 3.078220
11.609150 1.115440 3.078220
11.427240 0.971820 3.231410
11.436810 0.675010 3.212260
11.685750 0.569690 3.126090
11.992140 0.540960 2.953750
11.724050 0.598410 3.154820
11.513410 0.732450 3.422910
11.819790 0.464370 3.442050
11.637880 0.464370 3.777160
11.408090 1.077140 4.409090
11.341070 1.354800 4.571850
11.130430 0.962240 4.696320
10.986810 0.828200 4.629300
10.690000 0.818620 4.954840
10.565530 1.153730 5.510160
11.130430 1.575020 5.605900
10.603830 1.680340 5.730370
9.962330 1.488840 5.826120
10.105950 0.856920 5.615480
10.603830 0.483520 5.462290
9.866590 0.751600 5.979310
9.215510 1.287780 6.687830
9.483600 1.306930 6.553790
9.646370 0.818620 6.027190
9.043170 0.177130 5.826120
8.401680 0.110110 6.391020
8.516570 1.144160 6.955920
8.248480 2.044170 7.185710
7.827200 1.268630 6.898470
7.606990 0.406920 6.659110
7.281450 0.445220 7.061240
7.070810 1.259050 7.539970
6.955920 1.986720 7.530390
6.572940 1.402670 7.042090
6.228250 0.177130 6.668680
5.960160 -0.100530 7.032510
5.663350 1.010120 7.808050
5.423990 2.053740 8.229340
5.175050 1.823950 8.143160
4.878240 0.818620 7.779330
4.638870 0.406920 7.760180
4.514410 1.153730 8.076140
4.322910 1.804800 8.191040
3.978230 1.326080 8.047420
3.585670 0.780330 8.143160
3.375030 0.952670 8.181460
3.566520 1.230330 8.181460
3.365460 1.268630 8.095290
2.762260 1.086710 7.999550
2.340980 0.933520 8.056990
2.417580 1.105860 8.114440
2.522900 1.364370 8.018690
2.197360 1.192030 7.999550
1.718630 0.990970 7.827200
1.737780 0.933520 7.741030
1.699480 1.019690 7.559120
1.536720 0.895220 7.444220
1.211180 0.789900 7.463370
0.914370 1.086710 7.463370
0.943090 1.153730 7.415500
0.914370 1.067560 7.405920
0.761180 1.067560 7.674010
0.588840 1.201610 7.970820
0.655860 1.287780 8.143160
0.732450 1.029270 8.162310
0.675010 0.780330 8.181460
0.406920 0.914370 8.315510
0.339900 1.182460 8.344230
0.454790 1.354800 8.382530
0.387770 1.125010 8.401680
0.215430 0.876070 8.334650
0.157980 1.010120 8.344230
