10.862340 -0.330320 2.963330
10.651700 -0.320750 3.049500
10.402760 -0.588840 3.116520
10.450630 -0.904800 3.288860
10.804890 -0.895220 3.135670
10.938940 -0.569690 2.848430
10.421910 -0.464370 2.704810
9.694240 -0.943090 2.992050
9.579350 -1.450550 3.537800
9.904880 -1.393100 3.872910
10.354890 -0.397340 4.026100
10.728290 0.215430 4.150570
10.326160 0.301600 4.332490
9.742120 -0.311170 4.265470
9.761260 -1.134590 4.236740
9.933610 -0.981390 4.437810
9.885730 -0.301600 4.600580
9.780410 0.292020 4.591000
9.665520 0.148410 4.409090
9.454880 -0.588840 4.418660
9.282540 -0.990970 4.696320
9.081470 -0.521810 4.945260
9.110190 0.071810 5.069730
9.100620 0.282450 4.926110
9.081470 -0.263300 4.811220
8.870830 -0.722880 4.945260
8.535720 -0.493090 5.136750
8.334650 -0.100530 5.088880
8.382530 -0.138830 5.031430
8.200610 -0.406920 4.830370
7.951670 -0.454790 4.878240
7.760180 -0.320750 5.194200
7.501670 -0.473940 5.309090
7.195280 -0.378200 5.519730
7.233580 -0.445220 5.768670
7.367620 -0.636710 6.180380
7.147410 -0.387770 6.438890
7.061240 0.110110 6.486770
7.166560 0.483520 6.611230
7.214430 0.138830 6.726130
7.070810 -0.550540 6.879320
6.668680 -0.607980 6.831450
6.448470 -0.359050 6.716550
6.630380 -0.225000 6.927190
6.754850 -0.225000 7.396350
6.419740 -0.215430 7.683580
6.161230 -0.320750 7.606990
6.410170 -0.617560 7.626140
6.592080 -0.761180 7.702730
6.295270 -0.703730 7.635710
6.036760 -0.751600 7.530390
5.998460 -0.981390 7.606990
6.027190 -1.077140 7.597410
5.941020 -0.694160 7.760180
5.902720 -0.349470 7.932520
5.797400 -0.464370 7.875080
5.720800 -0.885650 7.779330
5.653780 -1.067560 7.865500
5.491010 -0.761180 8.018690
5.471860 -0.560110 8.143160
5.280370 -0.454790 8.028270
4.993130 -0.607980 8.066570
4.887810 -1.115440 8.047420
5.002710 -1.172880 8.267630
5.060160 -0.684580 8.028270
4.830370 -0.454790 8.028270
4.495260 -0.847350 8.124010
4.504830 -1.498420 8.258060
4.648450 -1.230330 8.229340
4.619720 -0.646280 8.085720
4.342060 -0.483520 8.334650
4.093120 -1.230330 8.305930
4.284620 -1.881400 8.286780
4.361210 -1.373950 8.152740
4.208020 -0.866500 8.133590
3.901630 -1.096290 8.028270
3.738870 -1.823950 8.056990
3.978230 -2.015450 8.047420
4.054830 -1.326080 8.114440
3.796310 -0.962240 8.219760
3.537800 -1.163310 8.286780
3.461200 -1.737780 8.152740
3.489930 -1.881400 8.114440
3.566520 -1.326080 8.344230
3.614400 -0.981390 8.200610
