10.680420 -1.862250 1.297350
10.460210 -1.622890 1.833530
10.144250 -1.220760 2.072890
10.287870 -0.904800 2.034590
10.364460 -0.933520 1.938850
10.144250 -1.278200 1.795230
9.885730 -1.555870 1.718630
9.818710 -1.680340 1.785660
9.971900 -1.680340 1.709060
10.201690 -1.670760 1.747360
10.268720 -1.584590 1.948420
10.172970 -1.661190 2.053740
10.096370 -1.555870 2.340980
10.029350 -1.603740 2.340980
10.192120 -1.709060 2.436730
10.307010 -1.603740 2.771840
10.354890 -1.364370 3.394180
10.153820 -1.354800 3.633550
10.297440 -1.527140 3.623970
10.651700 -1.804800 3.547370
10.737870 -1.776080 3.240990
10.728290 -1.890980 3.260140
10.460210 -2.350550 3.633550
10.364460 -2.723960 3.959080
10.584680 -2.666510 4.313340
10.958080 -2.321830 4.849520
11.264470 -2.168640 5.309090
11.235750 -2.273960 5.385690
11.207020 -2.283530 5.519730
11.350640 -1.977150 5.816550
11.475110 -1.680340 6.008040
11.475110 -1.737780 6.142080
11.494260 -2.025020 6.639960
11.388940 -1.862250 7.300600
10.977230 -1.536720 7.444220
10.804890 -1.316500 7.453800
10.833610 -1.316500 7.338900
11.005960 -1.747360 7.741030
10.527230 -1.795230 8.363380
9.904880 -2.034590 8.535720
9.407000 -2.072890 8.200610
9.502750 -2.015450 7.922950
9.732540 -1.517570 8.497420
9.368710 -1.259050 8.612320
8.803810 -1.498420 8.602740
8.641040 -2.082470 8.669760
8.842110 -2.522900 9.024020
8.583590 -2.494170 8.928280
7.788900 -2.101620 8.842110
7.310180 -1.565440 8.803810
7.195280 -1.345230 8.775080
6.716550 -1.029270 8.755940
6.180380 -0.799480 8.602740
5.797400 -0.876070 8.277210
5.538880 -0.904800 7.903800
5.270800 -0.837770 7.396350
4.964410 -1.278200 6.745280
4.504830 -1.622890 6.544210
4.093120 -1.555870 6.505910
3.834610 -1.852680 6.352720
3.384610 -2.235660 5.873990
3.039920 -2.053740 5.471860
2.915450 -1.795230 4.801640
2.896300 -2.570770 4.906960
2.743110 -3.489930 3.805890
2.819710 -4.619720 2.475020
2.589920 -5.395260 1.843100
2.053740 -5.787820 1.852680
1.460120 -6.180380 2.273960
0.435640 -6.802730 1.890980
-0.253730 -7.233580 1.345230
-0.818620 -7.022940 0.713300
-1.450550 -6.917620 0.483520
-1.747360 -7.377200 0.895220
-1.642040 -8.076140 1.402670
-1.354800 -7.511240 2.053740
-1.393100 -6.391020 2.513320
-1.622890 -6.400590 2.484600
-1.823950 -7.109110 2.532470
-1.929270 -7.645290 3.375030
-1.670760 -7.961250 3.758010
-0.990970 -7.865500 4.332490
-1.287780 -7.310180 4.208020
-2.034590 -7.616560 3.892060
-1.919700 -8.411250 3.978230
