10.000630 -1.622890 0.952670
9.952760 -1.555870 0.856920
10.125100 -1.594160 0.684580
10.354890 -1.699480 0.540960
10.326160 -1.689910 0.569690
9.943180 -1.718630 0.607980
9.665520 -1.728210 0.550540
9.876160 -1.622890 0.560110
10.048500 -1.479270 0.598410
9.991050 -1.316500 0.598410
10.058080 -1.335650 0.588840
10.239990 -1.383520 0.655860
10.249570 -1.287780 0.675010
10.239990 -1.134590 0.675010
10.192120 -1.182460 0.636710
10.163400 -1.287780 0.540960
10.163400 -1.278200 0.387770
10.201690 -1.268630 0.339900
10.287870 -1.287780 0.387770
10.383610 -1.211180 0.493090
10.431480 -1.239910 0.646280
10.555950 -1.335650 0.923950
10.450630 -1.364370 0.770750
10.824040 -1.306930 1.115440
10.977230 -1.038840 1.297350
10.757020 -0.186700 1.201610
11.207020 0.914370 1.747360
10.958080 1.326080 2.494170
10.814470 1.527140 3.834610
11.388940 3.442050 5.050580
11.896390 6.027190 5.960160
12.528310 8.286780 6.888900
13.495340 9.579350 8.037840
14.117690 10.010200 9.225090
14.328330 9.234660 9.598500
14.893230 8.545290 9.579350
16.118770 8.851680 9.799560
17.373040 8.947430 9.636790
18.282620 8.861260 8.736790
18.445390 7.520820 8.621890
17.545380 5.979310 8.842110
17.621980 4.782490 8.267630
18.809220 4.246320 7.492090
19.345400 3.509080 6.649530
19.259230 2.254810 6.046330
17.554960 1.728210 5.385690
16.032600 0.617560 4.303770
15.352810 -0.885650 1.938850
14.299610 -3.154820 -0.148410
11.963410 -5.529310 -2.475020
9.474030 -5.682500 -2.312260
8.047420 -4.437810 -1.737780
6.209100 -3.403760 -2.139910
5.337820 -3.288860 -1.929270
4.227170 -2.551620 -0.579260
3.317590 -1.010120 0.856920
3.106940 0.119680 1.364370
2.331410 0.062230 2.235660
2.178210 1.057990 3.279290
1.823950 2.302680 4.169720
0.770750 2.302680 4.610150
0.914370 1.354800 4.677170
1.718630 2.092040 4.811220
1.402670 3.681420 5.309090
0.540960 4.456960 5.720800
0.856920 3.911210 6.075060
1.364370 3.825040 6.391020
1.766510 4.926110 6.534640
1.297350 5.883570 6.850600
0.904800 5.835700 7.482520
1.153730 5.912290 7.530390
1.278200 5.854840 7.559120
0.818620 6.132510 7.674010
1.402670 5.720800 7.875080
1.871830 5.644200 7.951670
1.747360 6.046330 8.018690
1.795230 4.696320 7.377200
1.919700 4.648450 7.444220
1.977150 4.772920 7.539970
2.092040 4.878240 7.760180
2.503750 5.184620 7.788900
2.455870 5.471860 7.836780
2.178210 5.558030 7.664440
2.379280 5.423990 7.501670
2.436730 4.954840 7.741030
