10.192120 -1.182460 1.642040
10.105950 -0.971820 1.948420
10.029350 -0.512240 1.900550
10.431480 -0.225000 1.977150
10.469780 -0.205850 2.245230
10.239990 -0.387770 2.427150
10.220840 -0.320750 2.532470
10.488930 -0.339900 2.331410
10.278290 -0.943090 2.283530
9.799560 -0.952670 2.647370
10.029350 -0.378200 3.576100
10.575100 -0.052660 4.236740
10.929360 -0.167550 4.294190
11.111280 -0.205850 4.227170
11.092130 -0.100530 4.562280
10.833610 0.186700 4.859090
11.025110 0.234580 4.954840
11.379360 -0.272870 5.088880
11.379360 -0.866500 4.811220
11.187870 -1.010120 4.801640
10.824040 -0.521810 5.261220
10.862340 -0.751600 5.222920
11.149580 -1.756930 5.155900
11.542130 -2.254810 5.491010
11.532560 -1.986720 5.672930
11.254900 -1.450550 5.366540
10.900640 -1.192030 5.117600
10.565530 -1.259050 5.596330
9.722970 -1.632460 5.778250
9.483600 -2.235660 6.170800
9.464450 -2.417580 6.161230
9.464450 -2.800560 6.189950
9.177220 -2.771840 6.687830
8.832530 -2.149490 7.003790
8.803810 -1.871830 6.994220
8.918700 -2.522900 7.080390
8.784660 -3.422910 6.955920
8.660190 -3.748440 6.927190
8.372950 -3.193120 7.156980
8.047420 -2.934600 7.291030
7.693160 -3.145240 7.176130
7.520820 -3.556950 7.358050
7.013370 -3.317590 7.645290
6.668680 -3.231410 7.271880
6.745280 -3.748440 6.821870
6.716550 -3.633550 6.582510
6.592080 -3.173970 6.783580
5.567610 -2.695240 6.572940
4.629300 -3.173970 6.467620
4.332490 -3.930360 6.649530
4.466530 -4.112270 6.630380
4.275040 -3.681420 6.630380
3.480350 -2.925030 6.955920
2.599490 -2.618640 7.051660
2.139910 -2.972900 7.109110
1.938850 -3.422910 6.908050
1.958000 -3.662270 7.022940
1.651610 -3.202690 7.166560
1.249480 -2.666510 7.338900
0.856920 -2.455870 7.061240
0.588840 -2.388850 7.204860
0.301600 -2.312260 7.271880
0.263300 -2.532470 7.262300
0.081380 -2.781410 7.310180
-0.071810 -2.877160 7.166560
0.071810 -3.059070 7.118690
-0.062230 -2.934600 7.396350
-0.426070 -2.522900 7.405920
-0.627130 -2.647370 7.377200
-0.627130 -3.011200 7.338900
-0.483520 -3.011200 7.434650
-0.636710 -2.838860 7.616560
-0.904800 -2.781410 7.520820
-0.780330 -2.819710 7.606990
-0.799480 -2.723960 7.511240
-1.048410 -2.743110 7.626140
-1.230330 -2.714390 7.626140
-1.287780 -2.819710 7.884650
-1.402670 -2.628220 8.162310
-1.488840 -2.475020 8.439980
-1.709060 -2.340980 8.507000
-1.718630 -2.388850 8.315510
-1.613310 -2.417580 8.248480
-1.776080 -2.379280 8.085720
-2.111190 -2.513320 8.104870
