10.163400 -1.603740 0.866500
10.077230 -1.958000 0.818620
10.201690 -2.235660 0.809050
10.211270 -2.197360 0.837770
10.067650 -1.938850 0.876070
9.904880 -1.776080 1.038840
9.818710 -1.814380 1.029270
9.770840 -1.699480 1.057990
9.818710 -1.565440 1.105860
9.866590 -1.709060 1.211180
9.722970 -1.881400 1.259050
9.694240 -1.977150 1.316500
9.780410 -2.120770 1.201610
9.857010 -2.197360 1.086710
9.732540 -2.302680 1.038840
9.952760 -2.398430 0.962240
10.048500 -2.226090 0.895220
9.904880 -1.948420 0.761180
10.067650 -1.977150 0.627130
10.211270 -2.053740 0.799480
10.096370 -2.235660 1.086710
10.335740 -1.996300 2.187790
10.670850 -0.885650 3.499500
11.743200 0.196280 4.351640
13.399600 1.373950 5.739950
13.361300 1.287780 7.817630
12.901720 0.014360 10.642120
14.615570 0.157980 12.920870
17.152820 2.992050 13.830450
18.196450 5.270800 13.964500
18.971990 4.543130 14.998550
19.287950 2.819710 15.285790
19.594340 2.408000 14.098540
19.594340 2.379280 11.781500
19.594340 0.473940 9.608070
19.594340 -0.665430 7.377200
19.594340 -0.742030 5.787820
19.594340 -0.837770 4.456960
19.594340 -1.603740 2.618640
18.818800 -2.340980 0.914370
17.124100 -3.528230 -0.406920
15.620900 -4.370790 -1.977150
14.740040 -4.562280 -2.867580
13.198530 -4.629300 -3.231410
10.824040 -5.567610 -3.355880
8.526150 -5.270800 -4.035680
7.760180 -3.872910 -4.428230
7.185710 -2.427150 -3.872910
5.586760 -2.494170 -3.509080
3.939930 -3.509080 -3.202690
2.695240 -3.901630 -2.771840
1.900550 -3.556950 -2.398430
1.536720 -3.193120 -1.852680
1.029270 -2.953750 -1.354800
0.694160 -3.327160 -0.483520
0.876070 -3.719720 0.004790
1.096290 -3.240990 0.923950
0.119680 -3.173970 1.737780
-0.933520 -5.270800 2.762260
-0.157980 -7.147410 3.269710
1.517570 -6.812300 4.409090
0.742030 -5.500590 5.165480
-0.359050 -5.213350 6.046330
0.521810 -5.835700 7.013370
1.938850 -6.218680 6.888900
1.575020 -6.113360 6.726130
0.483520 -6.180380 6.975070
0.569690 -6.391020 7.415500
1.354800 -6.237830 7.635710
1.029270 -5.864420 7.875080
0.579260 -5.596330 8.104870
0.943090 -5.682500 7.970820
1.527140 -5.941020 7.961250
1.412250 -6.170800 8.009120
0.962240 -6.180380 7.875080
1.067560 -6.008040 7.760180
1.182460 -6.228250 7.731460
1.057990 -6.218680 7.482520
1.201610 -5.768670 7.520820
1.326080 -5.491010 7.434650
1.125010 -5.711230 7.396350
1.278200 -5.931440 7.396350
1.306930 -5.979310 7.415500
1.086710 -5.730370 7.367620
1.057990 -5.538880 7.358050
