10.211270 -0.761180 1.326080
10.259140 -0.780330 1.345230
10.297440 -0.856920 1.345230
10.374040 -0.981390 1.412250
10.239990 -0.837770 1.594160
10.220840 -0.837770 1.776080
10.182540 -1.057990 1.881400
10.268720 -1.134590 2.034590
10.498510 -0.923950 2.293110
10.536800 -0.722880 2.446300
10.527230 -0.598410 2.494170
10.527230 -0.330320 2.752690
10.297440 0.177130 3.212260
10.086800 0.722880 3.499500
10.230420 0.962240 3.432480
10.661270 0.904800 3.422910
10.757020 0.799480 3.786740
10.536800 1.057990 4.523980
10.469780 1.594160 4.839940
10.910210 2.072890 4.954840
11.274040 2.321830 4.878240
11.101700 2.149490 5.155900
10.862340 2.130340 6.027190
11.111280 2.858010 6.975070
12.135760 3.777160 6.946340
12.748530 4.428230 6.706980
12.691080 4.179300 6.754850
11.800650 3.518650 7.358050
11.484690 3.355880 7.702730
12.834700 3.805890 7.166560
13.705980 4.303770 6.659110
13.246400 3.681420 6.515490
11.934690 2.838860 6.936770
11.896390 2.781410 7.444220
12.940020 3.652690 6.936770
13.648540 4.045250 6.649530
13.380450 3.652690 6.601660
12.413420 2.513320 6.735700
11.551710 2.197360 6.534640
11.599580 2.149490 5.816550
11.427240 1.795230 5.356970
10.584680 0.866500 5.088880
9.378280 0.234580 5.232500
8.593170 0.359050 5.366540
8.564440 1.086710 5.749520
8.372950 1.527140 5.356970
7.511240 1.182460 4.964410
6.553790 0.167550 4.715470
6.209100 -0.981390 4.839940
5.998460 -0.646280 4.906960
5.787820 0.742030 4.887810
5.194200 1.230330 4.667600
4.227170 0.148410 4.447380
3.576100 -0.952670 4.380360
3.729290 -1.278200 4.121850
3.298440 -1.029270 3.968660
2.551620 -0.876070 4.179300
2.542050 -1.239910 4.744190
2.350550 -1.287780 5.002710
1.977150 -1.728210 5.088880
1.804800 -2.436730 5.423990
1.795230 -2.417580 5.672930
1.948420 -1.958000 5.558030
1.718630 -1.776080 6.046330
1.211180 -1.900550 6.601660
1.249480 -2.178210 7.243150
1.737780 -2.111190 7.070810
1.766510 -1.345230 7.233580
1.048410 -0.770750 7.568690
0.789900 -1.019690 8.085720
1.354800 -1.364370 8.085720
1.871830 -1.335650 8.507000
1.373950 -0.722880 8.861260
0.962240 -0.722880 9.205940
1.345230 -1.105860 9.148490
1.967570 -1.354800 9.177220
1.622890 -0.694160 9.272960
1.230330 -0.138830 9.445300
1.278200 -0.426070 9.588920
1.661190 -0.943090 9.234660
2.005870 -0.876070 9.071900
1.823950 -0.253730 9.234660
1.402670 -0.148410 9.426150
1.431400 -0.473940 9.464450
1.862250 -0.579260 9.493180
