11.072980 0.253730 2.714390
10.852760 -0.043090 2.829280
10.584680 -0.675010 3.087800
10.728290 -1.029270 3.260140
10.891060 -0.799480 3.269710
10.900640 -0.406920 3.202690
10.795320 -0.292020 3.308010
10.622970 -0.540960 3.604820
10.603830 -0.761180 3.978230
10.613400 -0.330320 4.227170
10.680420 -0.062230 4.121850
10.460210 -0.464370 4.073980
9.971900 -1.230330 4.227170
9.799560 -1.575020 4.926110
9.924030 -0.895220 5.567610
10.345310 0.368620 5.644200
10.938940 0.914370 5.175050
11.149580 0.607980 4.811220
10.680420 -0.435640 4.792070
9.924030 -1.038840 5.289940
9.272960 -0.962240 5.356970
9.521900 -0.569690 5.146330
10.029350 -0.071810 4.878240
9.828290 -0.368620 4.859090
8.889980 -0.789900 5.213350
8.363380 -0.761180 5.337820
8.516570 -0.521810 5.222920
8.679340 -0.311170 4.935690
8.545290 -0.655860 4.993130
8.056990 -0.923950 5.768670
7.434650 -0.531390 6.314420
7.032510 -0.043090 5.816550
6.975070 -0.052660 5.462290
7.109110 -0.569690 5.682500
6.927190 -0.962240 6.400590
3.748440 0.349470 8.305930
3.863340 0.550540 8.372950
4.035680 0.617560 8.545290
4.054830 0.397340 8.516570
3.911210 0.000000 8.334650
3.614400 0.177130 8.277210
3.451630 0.473940 8.267630
3.413330 0.416490 8.229340
3.346310 0.378200 8.602740
3.308010 0.502660 8.957000
2.044170 -0.368620 8.602740
2.273960 -0.560110 8.344230
2.532470 -0.387770 8.430400
2.436730 -0.263300 8.641040
2.187790 -0.311170 8.880400
1.986720 -0.368620 8.966580
2.187790 -0.225000 8.937850
2.494170 -0.014360 8.861260
2.408000 -0.090960 8.889980
2.417580 -0.406920 9.234660
2.599490 -0.713300 9.407000
2.455870 -0.148410 9.608070
2.417580 0.703730 9.837860
2.513320 0.885650 9.914460
2.226090 0.493090 9.799560
1.986720 -0.119680 9.397430
2.206940 -0.100530 8.918700
2.427150 0.301600 9.119770
2.408000 0.023940 9.349560
2.197360 -0.339900 9.004870
2.120770 -0.186700 8.708060
2.254810 0.244150 8.593170
2.628220 0.205850 8.803810
2.752690 -0.454790 8.784660
2.360130 -0.684580 8.698490
1.890980 -0.349470 8.899550
1.929270 0.000000 8.966580
2.637790 0.090960 9.091040
3.097370 0.033510 9.311260
2.589920 0.052660 9.608070
1.890980 0.043090 9.541050
1.986720 -0.033510 9.339980
2.637790 -0.215430 9.253810
2.934600 -0.445220 9.359130
2.551620 -0.234580 9.292110
2.159060 0.215430 9.368710
2.360130 0.445220 9.454880
2.666510 0.292020 9.253810
2.532470 -0.014360 9.062320
2.235660 -0.215430 8.985730
