10.335740 0.435640 4.083550
10.259140 0.464370 4.705900
10.603830 1.077140 5.021860
11.187870 1.814380 5.242070
11.283620 2.302680 5.146330
11.034680 2.082470 5.376120
10.747440 1.584590 5.596330
11.159150 1.287780 5.548460
11.743200 1.460120 5.452710
12.164480 1.833530 5.577180
11.925110 2.034590 6.046330
11.704900 2.111190 6.467620
12.126180 2.206940 6.486770
12.384690 2.599490 6.266550
12.403840 2.637790 5.797400
12.097460 2.216510 5.950590
11.867670 1.670760 6.084630
11.858090 1.795230 6.218680
12.001710 2.589920 6.161230
12.250650 2.762260 5.979310
11.810220 2.379280 5.653780
11.063400 1.488840 5.519730
10.680420 1.105860 5.577180
10.900640 1.144160 5.414410
10.852760 1.306930 5.194200
10.201690 1.067560 5.088880
9.541050 0.761180 5.873990
9.196370 0.761180 6.218680
9.234660 0.990970 6.122930
8.909130 1.249480 5.711230
8.305930 0.655860 5.558030
7.836780 0.301600 5.941020
7.894220 0.359050 5.615480
7.386770 0.339900 5.299520
6.362300 -0.100530 5.270800
5.854840 -0.454790 5.797400
5.931440 0.215430 6.142080
5.950590 0.493090 5.797400
4.849520 0.272870 5.739950
4.073980 -0.282450 5.998460
4.370790 -0.368620 6.802730
4.820790 0.416490 6.802730
4.619720 0.866500 6.649530
3.518650 0.761180 6.706980
2.963330 0.071810 7.559120
3.930360 -0.483520 7.492090
4.303770 -0.272870 7.329330
3.346310 0.292020 7.281450
2.331410 0.052660 7.530390
2.312260 -0.856920 7.817630
3.384610 -1.718630 7.319750
3.164390 -1.527140 6.955920
2.206940 -0.780330 6.984640
1.412250 -0.799480 7.271880
1.651610 -1.709060 7.444220
2.417580 -2.092040 7.099540
2.034590 -1.479270 7.176130
1.086710 -0.780330 7.425070
0.780330 -1.163310 7.539970
1.373950 -1.986720 7.377200
1.862250 -1.958000 7.367620
1.507990 -1.048410 7.932520
0.770750 -0.703730 8.229340
0.617560 -1.259050 8.219760
1.402670 -1.929270 7.846350
1.737780 -2.005870 7.932520
1.134590 -1.373950 8.258060
0.684580 -1.115440 8.660190
1.010120 -1.498420 8.545290
1.354800 -1.670760 8.305930
1.125010 -1.220760 8.392100
0.914370 -1.259050 8.516570
1.134590 -1.622890 8.392100
1.297350 -1.546290 8.344230
1.192030 -0.770750 8.583590
1.077140 -0.234580 8.784660
1.038840 -0.722880 8.621890
1.326080 -1.402670 8.468700
1.565440 -1.498420 8.439980
1.527140 -1.201610 8.746360
1.440970 -0.713300 9.215510
1.632460 -0.205850 9.569770
1.977150 0.397340 9.761260
1.613310 0.598410 10.058080
1.402670 0.129260 10.201690
