9.971900 -1.412250 0.253730
9.962330 -1.316500 0.244150
9.962330 -1.373950 0.186700
10.163400 -1.421820 0.292020
10.326160 -1.306930 0.435640
10.326160 -1.249480 0.454790
10.354890 -1.259050 0.368620
10.393190 -1.211180 0.311170
10.268720 -1.115440 0.253730
10.278290 -1.163310 0.043090
10.527230 -1.163310 -0.090960
10.565530 -1.125010 -0.215430
10.345310 -1.038840 -0.052660
10.230420 -0.904800 -0.004790
10.479360 -0.876070 0.023940
10.613400 -0.684580 0.253730
10.383610 -0.502660 0.627130
10.220840 -0.454790 0.732450
10.421910 -0.703730 0.684580
10.527230 -1.067560 0.732450
10.345310 -1.172880 0.914370
10.278290 -1.249480 1.048410
10.326160 -1.364370 1.010120
10.469780 -1.469690 1.000540
10.938940 -1.632460 1.192030
11.015530 -1.737780 1.737780
10.584680 -1.220760 1.986720
11.120850 -0.081380 2.647370
11.704900 1.393100 3.834610
12.087880 2.848430 4.897390
12.662360 4.179300 6.391020
12.729380 5.902720 6.975070
13.236830 7.013370 7.779330
13.007040 7.836780 8.794230
12.183630 8.372950 9.272960
12.729380 7.109110 9.062320
13.763430 5.672930 8.564440
14.337900 4.523980 8.669760
14.194290 4.667600 9.311260
14.586840 5.605900 9.244240
15.324080 6.036760 8.947430
15.668770 5.069730 7.989970
15.754940 3.375030 7.262300
14.950680 2.656940 7.214430
14.165560 2.455870 6.936770
14.605990 2.609070 6.429320
14.653860 2.589920 6.142080
13.715560 1.651610 5.835700
12.308100 0.990970 5.644200
11.398510 1.488840 5.088880
11.551710 2.139910 4.648450
11.235750 2.120770 4.246320
10.153820 1.326080 4.016530
8.554870 0.416490 3.394180
7.224010 0.157980 3.011200
6.821870 0.789900 2.819710
6.697400 1.182460 2.771840
5.625050 1.345230 2.226090
4.370790 0.253730 2.005870
3.480350 -0.751600 2.475020
3.317590 -0.799480 2.417580
3.260140 -0.607980 2.561200
1.977150 -0.713300 3.001620
1.555870 -1.977150 4.083550
2.092040 -2.379280 4.265470
2.130340 -2.025020 4.313340
1.220760 -1.871830 5.031430
0.713300 -2.465450 5.960160
1.230330 -3.451630 5.653780
1.776080 -3.939930 5.318670
1.000540 -3.011200 5.864420
0.148410 -2.331410 6.534640
0.196280 -1.996300 6.812300
0.665430 -1.287780 7.147410
0.540960 -0.732450 7.300600
-0.234580 -0.694160 7.999550
-0.349470 -0.962240 8.248480
0.445220 -1.230330 8.286780
0.742030 -0.923950 8.392100
0.110110 -0.502660 8.813380
-0.119680 -0.646280 9.177220
0.435640 -1.086710 9.177220
0.694160 -0.847350 9.215510
0.531390 -0.330320 9.550620
0.320750 -0.071810 9.732540
