10.297440 -1.881400 1.259050
10.450630 -1.843100 1.373950
10.469780 -1.814380 1.517570
10.441060 -1.689910 1.699480
10.661270 -1.354800 1.929270
10.833610 -0.990970 2.139910
10.900640 -0.751600 2.312260
10.996380 -0.694160 2.561200
10.785740 -0.866500 2.522900
10.737870 -1.077140 2.388850
10.986810 -0.914370 2.408000
10.986810 -0.694160 2.302680
10.632550 -0.914370 1.843100
10.718720 -1.709060 1.958000
10.919790 -2.063320 2.695240
10.402760 -1.249480 2.867580
10.680420 0.014360 2.886730
11.293190 0.282450 2.398430
10.996380 -0.540960 2.206940
10.201690 -1.440970 2.752690
10.077230 -1.766510 3.106940
10.546380 -1.086710 3.011200
11.216600 -0.225000 2.867580
11.302770 -0.215430 2.925030
10.527230 -0.531390 3.384610
10.058080 -0.837770 3.882480
10.316590 -0.876070 3.748440
10.737870 -0.627130 3.595250
10.661270 -0.387770 3.748440
10.211270 -0.454790 4.332490
9.742120 -0.464370 4.294190
9.818710 -0.646280 4.035680
10.153820 -0.464370 4.131420
10.211270 -0.464370 4.638870
9.608070 -0.378200 4.935690
9.301690 -0.330320 4.849520
9.770840 -0.311170 4.725050
10.010200 -0.761180 4.839940
9.349560 -0.809050 5.203770
8.966580 -0.320750 5.491010
9.215510 -0.157980 5.471860
9.474030 -0.225000 5.184620
9.445300 -0.550540 4.811220
8.870830 -0.856920 4.954840
8.181460 -0.579260 5.280370
8.267630 -0.540960 5.519730
8.507000 -0.387770 5.615480
8.708060 -0.454790 5.787820
8.219760 -0.052660 5.835700
7.702730 -0.004790 5.873990
7.664440 -0.445220 5.816550
7.922950 -1.096290 6.151650
7.779330 -0.828200 6.486770
7.444220 -0.033510 6.525060
7.243150 0.177130 6.247400
7.300600 -0.368620 6.572940
7.281450 -0.923950 7.013370
6.927190 -0.473940 7.089960
6.888900 0.397340 6.812300
7.003790 0.148410 6.620810
6.860170 -0.990970 6.898470
6.563360 -1.642040 7.128260
6.362300 -0.607980 7.300600
6.458040 0.435640 7.463370
6.333570 0.244150 7.559120
6.036760 -0.722880 7.654860
5.979310 -0.990970 7.530390
6.017610 -0.225000 7.559120
5.692080 -0.023940 7.587840
5.213350 -0.607980 7.635710
5.242070 -1.144160 7.741030
5.471860 -0.828200 7.606990
5.318670 -0.234580 7.654860
4.811220 -0.406920 7.645290
4.667600 -1.163310 7.674010
4.973980 -1.287780 7.549540
5.194200 -0.732450 7.683580
4.887810 -0.282450 7.827200
4.361210 -0.722880 8.009120
3.872910 -1.354800 8.037840
3.920780 -1.220760 7.894220
4.294190 -0.789900 7.760180
4.169720 -0.751600 8.018690
3.892060 -1.364370 8.248480
3.758010 -1.565440 8.056990
