10.115520 -1.373950 1.680340
10.086800 -1.440970 1.594160
10.067650 -1.622890 1.479270
10.144250 -1.900550 1.488840
10.134670 -1.938850 1.642040
10.163400 -1.517570 1.852680
10.249570 -1.144160 1.967570
10.201690 -1.077140 1.967570
10.010200 -1.230330 1.852680
10.010200 -1.182460 1.718630
10.096370 -1.000540 1.728210
10.125100 -0.943090 1.709060
10.488930 -1.000540 1.756930
10.527230 -0.885650 1.919700
10.201690 -0.617560 2.216510
10.144250 -0.272870 2.647370
10.364460 0.071810 2.905880
10.804890 0.215430 2.886730
11.034680 0.521810 2.915450
10.938940 0.655860 3.059070
10.536800 0.512240 3.576100
10.192120 0.579260 4.466530
10.766590 1.144160 4.878240
11.408090 1.862250 4.973980
11.542130 2.522900 5.021860
11.676180 2.877160 5.491010
11.388940 2.886730 6.055910
11.235750 2.656940 6.142080
11.877240 2.858010 5.864420
12.355970 2.647370 5.567610
12.279370 2.245230 5.816550
11.800650 2.513320 6.496340
11.877240 2.934600 6.754850
12.490010 3.231410 6.486770
12.853850 3.221840 6.103780
12.585760 2.637790 5.969740
12.231500 1.929270 6.065480
12.384690 1.766510 6.218680
12.576190 1.871830 6.046330
12.183630 2.264380 5.663350
11.992140 1.871830 5.423990
11.858090 0.895220 5.519730
11.321920 0.646280 5.941020
11.025110 0.952670 6.075060
10.709150 1.785660 6.065480
10.307010 1.890980 5.605900
10.000630 1.354800 5.500590
9.521900 0.732450 5.471860
8.602740 0.598410 5.510160
7.961250 0.962240 5.462290
8.066570 0.837770 5.471860
7.798480 0.847350 5.491010
7.195280 0.742030 5.577180
6.515490 0.636710 5.605900
6.027190 0.579260 5.299520
5.682500 0.081380 4.993130
5.079300 -0.349470 4.983560
4.715470 -0.598410 4.945260
4.715470 -0.818620 4.734620
4.313340 -0.952670 4.734620
3.394180 -1.450550 5.021860
2.628220 -1.776080 5.337820
2.561200 -1.709060 5.500590
2.685660 -1.575020 5.806970
2.542050 -1.393100 5.873990
2.187790 -1.268630 5.950590
1.833530 -1.287780 6.055910
1.871830 -1.546290 6.065480
2.159060 -1.814380 6.324000
2.149490 -1.699480 6.639960
1.689910 -1.077140 6.783580
1.259050 -0.837770 7.022940
1.584590 -0.876070 7.750610
2.187790 -0.751600 7.922950
2.044170 -0.167550 7.855930
1.527140 0.004790 8.056990
1.278200 -0.464370 8.564440
1.938850 -1.220760 8.401680
2.436730 -1.603740 8.238910
2.111190 -1.000540 8.372950
1.814380 -0.378200 8.937850
2.101620 -0.330320 9.339980
2.360130 -0.531390 9.196370
2.254810 -0.512240 9.215510
2.216510 -0.043090 9.311260
