10.115520 -1.594160 1.192030
10.182540 -1.632460 1.163310
10.192120 -1.680340 1.192030
10.163400 -1.728210 1.230330
10.105950 -1.699480 1.278200
10.086800 -1.728210 1.326080
10.172970 -1.718630 1.326080
10.211270 -1.680340 1.316500
10.153820 -1.709060 1.306930
10.086800 -1.699480 1.335650
10.086800 -1.651610 1.297350
10.201690 -1.670760 1.182460
10.354890 -1.661190 1.201610
10.268720 -1.622890 1.421820
10.259140 -1.613310 1.881400
10.326160 -1.622890 2.436730
10.201690 -0.962240 2.561200
11.398510 0.167550 3.183540
12.164480 1.776080 3.432480
11.848520 3.700570 3.777160
10.967660 5.644200 4.389940
10.058080 5.423990 5.242070
9.761260 3.758010 5.625050
11.599580 2.771840 5.749520
13.284700 3.173970 5.586760
13.619810 3.537800 5.998460
13.303850 3.939930 6.343150
13.466620 4.045250 6.774000
13.562360 4.236740 6.869750
13.753860 3.968660 6.659110
13.916620 3.671840 6.304850
13.744280 3.221840 6.256970
13.543220 2.762260 6.247400
13.552790 2.618640 6.228250
13.830450 2.752690 6.036760
13.935770 2.877160 5.586760
13.753860 2.618640 5.261220
13.179380 2.235660 5.108030
12.614480 1.689910 4.993130
12.384690 1.460120 5.088880
11.944260 2.063320 4.677170
11.685750 2.005870 4.495260
10.986810 1.192030 4.275040
10.259140 0.435640 4.284620
9.962330 0.368620 4.447380
9.627220 0.933520 4.198450
9.129340 0.981390 3.403760
8.114440 0.148410 3.748440
6.955920 -0.809050 4.169720
6.726130 -1.048410 3.997380
6.582510 -0.521810 3.959080
6.036760 -0.272870 4.169720
5.309090 -0.464370 4.332490
4.667600 -0.665430 4.571850
4.313340 -1.326080 4.428230
3.968660 -1.833530 4.265470
3.422910 -1.833530 4.389940
3.126090 -1.546290 4.792070
2.858010 -1.144160 5.108030
2.465450 -0.789900 5.347390
2.178210 -0.809050 5.462290
1.967570 -1.536720 5.960160
2.044170 -2.273960 6.132510
2.149490 -1.958000 5.921870
1.929270 -1.259050 6.266550
1.699480 -0.550540 6.955920
1.843100 -0.655860 7.425070
1.747360 -0.971820 7.425070
1.862250 -1.144160 7.568690
1.910120 -0.866500 7.664440
1.938850 -0.416490 7.922950
2.053740 -0.473940 8.372950
1.862250 -0.607980 8.641040
1.776080 -0.722880 8.688910
1.871830 -0.579260 9.052750
2.197360 -0.397340 9.100620
2.072890 -0.110110 8.918700
1.900550 0.071810 8.899550
2.120770 -0.071810 9.062320
2.302680 -0.311170 9.158070
2.321830 -0.110110 9.215510
2.082470 0.253730 9.119770
1.862250 0.339900 9.272960
2.206940 0.062230 9.253810
2.503750 -0.272870 9.292110
