10.536800 -0.263300 2.369700
10.651700 -0.081380 2.522900
10.690000 -0.100530 2.656940
10.575100 -0.292020 2.743110
10.757020 -0.292020 2.944180
11.120850 0.004790 3.413330
11.178300 0.569690 3.882480
11.197450 1.125010 4.073980
11.522980 1.469690 4.265470
11.791070 1.632460 4.456960
11.791070 1.507990 4.600580
11.475110 1.507990 4.763340
11.245320 1.718630 5.069730
11.379360 2.159060 5.155900
11.905970 2.436730 5.136750
12.040010 2.733540 5.289940
12.059160 2.685660 5.605900
11.695330 2.838860 5.893140
11.609150 3.030350 5.854840
12.068730 2.896300 5.806970
12.327250 2.666510 5.749520
12.422990 2.580340 5.998460
12.183630 2.905880 6.180380
12.087880 2.752690 5.998460
12.059160 2.216510 5.644200
11.953840 1.421820 5.529310
11.532560 1.364370 6.132510
11.034680 2.475020 6.774000
11.312340 2.867580 6.754850
11.053830 2.666510 6.898470
10.891060 1.833530 6.630380
11.034680 1.967570 6.285700
11.072980 2.484600 6.075060
10.546380 2.963330 5.998460
10.038930 2.542050 5.625050
9.579350 1.785660 5.356970
9.253810 0.818620 4.763340
8.478270 0.445220 4.523980
7.310180 0.416490 3.892060
6.706980 0.196280 3.652690
6.285700 0.148410 3.767590
5.711230 -0.177130 3.690990
4.504830 -0.876070 3.939930
3.681420 -1.115440 4.523980
4.179300 -0.837770 4.265470
4.380360 -0.119680 4.160150
3.499500 0.090960 4.591000
2.532470 -0.742030 5.586760
3.087800 -1.536720 5.969740
3.556950 -0.809050 5.558030
2.829280 0.071810 5.902720
1.814380 -0.138830 6.515490
2.101620 -0.694160 6.668680
2.992050 -0.866500 6.438890
2.321830 -0.617560 6.467620
1.306930 -0.473940 7.051660
1.689910 -0.761180 7.367620
2.484600 -1.096290 7.568690
2.398430 -0.742030 7.645290
2.034590 0.052660 7.999550
1.862250 0.426070 8.258060
2.025020 0.119680 8.315510
2.092040 -0.263300 8.133590
2.082470 -0.129260 8.171890
2.053740 0.397340 8.439980
2.044170 0.607980 8.822960
2.321830 0.473940 8.870830
2.187790 0.560110 9.043170
1.862250 0.990970 9.282540
1.699480 1.153730 9.474030
1.967570 0.588840 9.550620
2.427150 0.081380 9.368710
2.570770 0.359050 9.186790
2.312260 0.971820 9.569770
2.159060 1.278200 9.703820
2.206940 1.048410 9.675090
2.245230 0.885650 9.474030
2.072890 0.828200 9.196370
2.034590 0.761180 9.234660
2.455870 0.598410 9.253810
2.599490 0.607980 9.301690
2.302680 0.655860 9.493180
2.053740 0.828200 9.617650
1.948420 1.000540 9.330410
2.034590 0.722880 9.282540
