10.115520 -1.326080 1.479270
10.297440 -1.278200 1.450550
10.460210 -1.249480 1.268630
10.555950 -1.287780 1.335650
10.230420 -1.268630 1.326080
10.067650 -1.220760 1.259050
10.172970 -1.153730 1.182460
10.105950 -1.163310 1.182460
10.019780 -1.182460 1.182460
10.010200 -1.134590 1.153730
10.067650 -1.125010 1.192030
10.038930 -0.914370 1.479270
10.010200 -0.588840 1.871830
10.259140 -0.483520 2.350550
10.603830 -0.272870 3.011200
10.603830 0.062230 3.346310
10.709150 0.416490 3.614400
10.900640 0.933520 3.997380
10.469780 1.814380 5.309090
10.182540 2.609070 6.084630
11.274040 3.193120 6.094210
11.944260 3.901630 5.826120
12.145330 3.968660 5.577180
12.068730 3.537800 5.366540
11.829370 2.704810 5.548460
11.953840 2.044170 5.577180
12.499590 1.728210 5.270800
12.691080 2.044170 4.973980
12.700650 2.427150 5.222920
12.595330 2.245230 5.222920
12.279370 2.072890 5.663350
12.260220 2.130340 5.634630
12.490010 2.331410 5.510160
12.346400 2.417580 4.926110
12.020860 1.718630 4.782490
11.254900 1.622890 5.797400
11.551710 1.823950 6.228250
12.260220 2.245230 5.615480
12.174050 1.546290 4.926110
11.226170 0.607980 5.395260
10.852760 0.416490 5.893140
11.092130 0.876070 5.605900
11.005960 0.990970 5.500590
10.297440 0.751600 5.184620
9.770840 0.655860 5.309090
9.129340 1.057990 5.481440
8.545290 0.837770 6.094210
8.152740 0.512240 6.132510
8.191040 0.569690 5.969740
8.152740 1.038840 6.122930
7.798480 1.460120 6.295270
7.166560 1.115440 6.189950
6.247400 -0.052660 6.017610
5.510160 -1.038840 6.209100
5.720800 -0.866500 6.333570
6.132510 -0.062230 6.256970
5.644200 0.493090 6.668680
4.705900 0.426070 6.831450
3.930360 -0.359050 6.620810
3.623970 -0.943090 6.218680
3.939930 -1.316500 6.065480
3.901630 -1.249480 6.084630
2.752690 -1.259050 6.314420
1.795230 -1.373950 6.525060
2.551620 -1.699480 6.448470
3.164390 -1.383520 6.276120
2.273960 -0.933520 6.314420
1.230330 -0.732450 6.429320
1.067560 -0.962240 6.429320
1.527140 -1.345230 6.266550
1.785660 -1.651610 6.113360
1.134590 -1.622890 6.189950
0.435640 -1.383520 6.266550
0.473940 -1.785660 6.888900
1.345230 -2.781410 7.291030
1.776080 -3.212260 7.329330
1.373950 -2.666510 7.779330
1.105860 -1.699480 7.970820
1.345230 -1.517570 8.152740
1.507990 -1.919700 8.258060
1.239910 -1.632460 7.903800
0.856920 -1.287780 8.047420
0.799480 -1.086710 8.334650
1.057990 -1.278200 8.621890
1.326080 -1.326080 8.535720
