10.374040 -1.182460 1.249480
10.211270 -1.239910 1.354800
10.058080 -1.230330 1.536720
10.086800 -1.211180 1.689910
10.172970 -1.211180 1.728210
10.354890 -1.192030 1.622890
10.546380 -1.134590 1.948420
10.220840 -0.751600 2.331410
10.163400 -0.311170 2.216510
11.063400 0.110110 2.197360
11.484690 0.397340 2.379280
10.919790 0.531390 2.695240
10.862340 1.067560 3.643120
11.168730 1.450550 4.322910
11.044250 2.063320 4.533550
11.140000 3.556950 5.596330
11.494260 4.495260 7.042090
11.245320 5.443140 8.267630
11.877240 6.544210 8.478270
12.643210 7.472940 8.727210
12.940020 7.243150 8.688910
13.552790 5.969740 8.478270
13.887900 5.309090 7.989970
14.021940 5.232500 7.252730
14.462370 4.973980 6.659110
14.768760 4.495260 6.544210
14.223010 4.006950 6.946340
13.437900 4.265470 7.262300
13.323000 4.868660 6.975070
14.041090 4.409090 6.544210
13.935770 3.815460 6.103780
13.390020 3.671840 6.122930
13.179380 3.920780 6.008040
13.054910 4.303770 5.270800
13.045340 3.317590 4.476110
12.346400 1.565440 4.064400
11.503840 -0.205850 3.844190
10.259140 0.282450 3.403760
9.780410 1.584590 3.863340
9.081470 2.350550 3.882480
8.554870 1.488840 3.365460
7.788900 0.071810 2.618640
6.515490 -1.038840 2.206940
4.945260 -1.498420 1.517570
4.198450 -2.206940 1.220760
4.083550 -2.848430 1.699480
3.614400 -2.982480 2.570770
2.905880 -2.331410 2.915450
2.312260 -1.546290 3.173970
1.900550 -1.728210 3.786740
2.063320 -2.867580 4.409090
2.283530 -3.068650 4.562280
1.862250 -2.082470 4.868660
1.192030 -1.661190 5.567610
1.077140 -3.135670 6.075060
1.555870 -3.738870 6.314420
2.092040 -2.206940 6.611230
1.747360 -0.263300 7.224010
1.067560 0.359050 7.903800
0.895220 -0.713300 8.143160
1.469690 -1.469690 7.846350
1.718630 -0.703730 8.258060
1.249480 0.071810 8.717640
0.962240 -0.387770 8.976150
1.536720 -1.125010 9.033600
2.044170 -1.000540 9.148490
1.756930 -0.502660 9.588920
1.373950 -0.292020 9.560200
1.613310 -0.378200 9.397430
1.756930 -0.234580 9.368710
1.192030 0.071810 9.474030
0.885650 0.177130 9.387860
1.364370 -0.138830 9.359130
2.015450 -0.473940 9.387860
2.072890 -0.330320 9.569770
1.565440 0.033510 9.694240
1.201610 0.186700 9.560200
1.709060 -0.339900 9.588920
1.986720 -0.722880 9.454880
1.661190 -0.837770 9.043170
1.440970 -0.387770 9.043170
1.555870 -0.148410 9.167640
1.584590 -0.253730 9.062320
1.785660 -0.253730 8.861260
1.776080 -0.110110 9.158070
