10.318553215742 -2.824150427590 3.857882676500
10.410777706960 -2.852697110049 4.063158975753
10.505372497861 -2.882809693666 4.270602567725
10.602619377910 -2.914765355638 4.480551345392
10.702827541478 -2.948901489292 4.693405751962
10.806320029664 -2.985625399827 4.909632965958
10.913408622921 -3.025423758271 5.129767094715
11.024350582861 -3.068870012025 5.354401609058
11.139277749754 -3.116626518832 5.584168027345
11.258084946559 -3.169435949501 5.819691708607
11.380260973193 -3.228093275232 6.061511527083
11.504643286479 -3.293385404480 6.309945680078
11.629080276473 -3.365980882888 6.564882632866
11.749999398465 -3.446249080398 6.825478203531
11.861915160402 -3.533991627551 7.089754428999
11.956978357111 -3.628086637296 7.354133738201
12.024767045511 -3.726088359166 7.613011976837
12.052619020580 -3.823894917864 7.858568887874
12.026819177841 -3.915674796180 8.081088974015
11.934757553198 -3.994268882697 8.270024718413
11.767705118472 -4.052175621319 8.415783515833
11.523292091373 -4.082955358690 8.511793282586
11.206559901849 -4.082585283666 8.556059164800
10.828954758680 -4.050207841308 8.551506373427
10.405634350527 -3.987979437951 8.504967640809
9.952246285809 -3.900174502172 8.425331811625
9.482361389529 -3.792001505202 8.321648196125
9.006146760465 -3.668576075022 8.201776126205
8.530194171423 -3.534277932279 8.071755436171
8.058066841359 -3.392494234630 7.935757966865
7.591112429365 -3.245633452590 7.796369182130
7.129241496763 -3.095277426960 7.654983628976
6.671534882726 -2.942373853179 7.512182539209
6.216654073987 -2.787414631126 7.368036678884
5.763082313632 -2.630578111819 7.222324273619
5.309240322120 -2.471832266996 7.074676078853
4.853518433132 -2.311004693109 6.924666780101
4.394259211265 -2.147828484277 6.771871754929
3.929717707808 -1.981973604935 6.615905622619
3.458023292863 -1.813073403769 6.456456326823
2.977168560365 -1.640756297699 6.293326560385
2.485057183344 -1.464693637770 6.126492952726
1.979652394262 -1.284675779577 5.956191509357
1.459276439570 -1.100727703004 5.783033184763
0.923108441307 -0.913269801669 5.608142961341
0.371894939667 -0.723313777131 5.433296033623
-0.191199309135 -0.532653754812 5.260995519716
-0.759822130393 -0.343971938513 5.094407217417
-1.324136620714 -0.160746734206 4.937063961629
-1.871443347795 0.013130360554 4.792310178122
-2.387944635198 0.174018906731 4.662587279572
-2.861332862740 0.319297952076 4.548804218545
-3.283314103304 0.447942537328 4.450074674269
-3.651053965243 0.560661426493 4.363957370074
-3.967047240689 0.659562768390 4.287087671332
-4.237699795536 0.747537147018 4.215919558036
-4.471395570263 0.827625445709 4.147313145582
-4.676777775091 0.902560347008 4.078846784480
-4.861615269128 0.974535781456 4.008876998122
-5.032274295860 1.045161798128 3.936439872346
-5.193631384234 1.115529304107 3.861088202800
-5.349232039912 1.186319028194 3.782727359036
-5.501545348325 1.257913389779 3.701479806295
-5.652225239655 1.330491701837 3.617585889814
-5.802336734619 1.404103098677 3.531337260671
-5.952534594890 1.478718619345 3.443035504485
-6.103196413141 1.554266485679 3.352968499148
-6.254517855193 1.630654929742 3.261398431433
-6.406578805100 1.707786297854 3.168557051330
-6.559388199649 1.785565290787 3.074645158374
-6.712913762619 1.863903397115 2.979834377338
-6.867101295485 1.942720936972 2.884270020915
-7.021886882663 2.021947662023 2.788074327268
-7.177204369344 2.101522526347 2.691349673069
-7.332989736029 2.181393017821 2.594181555714
-7.489183471528 2.261514290267 2.496641253767
-7.645731682263 2.341848239565 2.398788140888
-7.802586425990 2.422362604983 2.300671664411
-7.959705588742 2.503030138265 2.202333017451
-8.117052510123 2.583827859375 2.103806540501
