2.236999202385 0.883565871834 4.984879418328
2.451025710483 0.890931572394 4.854333042281
2.710630496336 0.900718746881 4.706569411630
3.006066906885 0.912329054457 4.546174286099
3.330553883227 0.925329234917 4.376571516546
3.679649448039 0.939407057005 4.200381627424
4.050812422460 0.954337718945 4.019714253089
4.443136352152 0.969958370941 3.836418830792
4.857232593628 0.986148019899 3.652323150480
5.295237809721 1.002809950067 3.469492878757
5.760912506811 1.019853509089 3.290548957983
6.259768320946 1.037171494125 3.119081497329
6.799093345588 1.054608553335 2.960189021420
7.387612542230 1.071915773833 2.821128039986
8.034313876704 1.088689183937 2.711937000546
8.745761998913 1.104299853664 2.645646767864
9.521307478560 1.117846486118 2.637314765614
10.346613419864 1.128195904618 2.700891591073
11.188381387854 1.134191797968 2.843582623301
11.995804545299 1.135040638185 3.059608361355
12.712831627267 1.130703263211 3.327900369512
13.297054885202 1.121994500402 3.617406338740
13.733097132843 1.110260581200 3.897779273027
14.031988243703 1.096858018222 4.148349294634
14.219962643001 1.082779820976 4.360571966929
14.326187239548 1.068566530886 4.535070470886
14.375367268362 1.054409730199 4.677101634136
14.385507804894 1.040304396771 4.793067733976
14.368616550882 1.026168363864 4.888683474321
14.332351442275 1.011911080711 4.968368537452
14.281575927730 0.997463258389 5.035279751700
14.219495240710 0.982783908517 5.091576572518
14.148381663272 0.967857101803 5.138711789812
14.069998305722 0.952685569515 5.177667607379
13.985831514758 0.937284522515 5.209121766932
13.897213030969 0.921676899466 5.233554068369
13.805383412689 0.905890202008 5.251309977241
13.711526315787 0.889954663282 5.262636408345
13.616789208427 0.873902406196 5.267700905020
13.522297959191 0.857767291305 5.266601708385
13.429168327299 0.841585234252 5.259373402584
13.338515104658 0.825394846820 5.245990984391
13.251458484576 0.809238309207 5.226374140450
13.169126569980 0.793162412325 5.200392986256
13.092652480303 0.777219720116 5.167876327995
13.023164144126 0.761469795607 5.128623501238
12.961764560896 0.745980412539 5.082420903642
12.909500149665 0.730828638104 5.029064370959
12.867314918265 0.716101623522 4.968388441109
12.835988791069 0.701896882446 4.900303189586
12.816059780965 0.688321781700 4.824838570065
12.807732025813 0.675491931122 4.742194940910
12.810775159444 0.663528163537 4.652796654881
12.824424899129 0.652551872287 4.557343341959
12.847299478981 0.642678650590 4.456851176066
12.877350410863 0.634010466613 4.352674640592
12.911867251536 0.626626988300 4.246498996321
12.947552746480 0.620577070334 4.140295715001
12.980675792619 0.615871711189 4.036238052384
13.007295710489 0.612479840992 3.936581265686
13.023535217899 0.610328010169 3.843520143735
13.025865960961 0.609304418221 3.759043056609
13.011364369322 0.609266890451 3.684804212215
12.977899782487 0.610053618812 3.622032961470
12.924230430213 0.611494978357 3.571491457435
12.850001650100 0.613424657905 3.533482112406
12.755658818076 0.615688686364 3.507897162924
12.642299936321 0.618151539349 3.494296679133
12.511497456598 0.620699162814 3.491999513051
12.365116424767 0.623239274103 3.500173444461
12.205149000156 0.625699605949 3.517914722386
12.033576843726 0.628024844834 3.544311739106
11.852265130513 0.630172939183 3.578491535690
11.662886282493 0.632111291332 3.619650635045
11.466868217790 0.633813166830 3.667073248390
11.265360639156 0.635254499298 3.720140424555
11.059213068164 0.636411160362 3.778333537252
10.848959419840 0.637256706765 3.841234939887
10.634805497282 0.637760605958 3.908527884430
10.416617628298 0.637886968341 3.979997031664
10.193912664790 0.637593868749 4.055530129246
9.965851698680 0.636833410921 4.135120704898
9.731242101275 0.635552763765 4.218870894403
9.488554777740 0.633696459915 4.306992782251
9.235965589142 0.631210270931 4.399805894869
8.971431215947 0.628046926436 4.497727836923
8.692809485186 0.624173786707 4.601254679871
8.398031253793 0.619582273213 4.710927885263
8.085324211710 0.614298394968 4.827285631572
7.753477855923 0.608393118363 4.950798728729
7.402124164472 0.601990734382 5.081794914074
7.031993098817 0.595272991393 5.220379779418
6.645091230839 0.588476847067 5.366366748393
6.244751880951 0.581884457240 5.519230714556
5.835520820769 0.575805467155 5.678098498480
5.422872363212 0.570553495636 5.841783472523
5.012789075004 0.566420327045 6.008862553785
4.611271778441 0.563652123135 6.177784020156
4.223862661653 0.562431577844 6.346987657777
3.855257420197 0.562868479375 6.515017018817
3.509056054052 0.564999159602 6.680607313884
3.187666977051 0.568793491838 6.842739811091
2.892347545441 0.574166957779 7.000661691097
2.623344102839 0.580995003375 7.153876648673
2.380088222964 0.589127281816 7.302114935589
2.161410198030 0.598400122950 7.445292104781
1.965741061583 0.608646366185 7.583464326928
1.791285997250 0.619702348723 7.716785872479
1.636161912112 0.631412274333 7.845472024181
1.498498998266 0.643630409418 7.969768784726
1.376510245296 0.656221615521 8.089929431563
1.268534698164 0.669060691782 8.206197207164
1.173060541336 0.682030918011 8.318793090131
1.088733501765 0.695022093867 8.427907528700
1.014355088683 0.707928281879 8.533695114710
0.948874132338 0.720645391212 8.636271349144
0.891374110732 0.733068687835 8.735710848161
0.841057931665 0.745090284938 8.832046534494
0.797231180757 0.756596653718 8.925269542973
0.759284341274 0.767466198133 9.015329741000
0.726674116620 0.777566957795 9.102136930233
0.698903722147 0.786754541794 9.185562961495
0.675501849563 0.794870454254 9.265445166124
0.655999948527 0.801741051052 9.341591683838
0.639907536182 0.807177465129 9.413789440244
