10.18254,-0.84735,-0.87607
10.18254,-0.75160,-0.87607
10.18254,-0.73245,-0.82820
10.27829,-0.75160,-0.77075
10.38361,-0.85692,-0.71330
10.44106,-1.04841,-0.59841
10.40276,-1.33565,-0.60798
10.38361,-1.65161,-0.71330
10.41233,-1.82395,-0.80905
10.47936,-1.82395,-0.78990
10.41233,-1.77608,-0.76118
10.24957,-1.71863,-0.75160
10.11552,-1.79523,-0.74203
10.15382,-1.66119,-0.70373
10.31659,-1.46012,-0.68458
10.26872,-1.42182,-0.66543
10.12510,-1.53672,-0.64628
10.20169,-1.51757,-0.67501
10.34531,-1.28778,-0.63671
10.30701,-1.23033,-0.58884
10.22084,-1.35480,-0.61756
10.23042,-1.49842,-0.70373
10.21127,-1.57502,-0.77075
10.28787,-1.60374,-0.71330
10.32616,-1.59416,-0.74203
10.41233,-1.50799,-0.76118
10.23999,-1.43140,-0.72288
10.03893,-1.40267,-0.71330
10.12510,-1.49842,-0.77075
10.26872,-1.47927,-0.78990
10.23042,-1.45055,-0.82820
10.18254,-1.53672,-0.82820
10.16340,-1.42182,-0.72288
10.20169,-1.35480,-0.65586
10.29744,-1.29735,-0.74203
10.30701,-1.28778,-0.78990
10.16340,-1.43140,-0.87607
10.14425,-1.55587,-0.87607
10.34531,-1.61331,-1.02927
10.58468,-1.56544,-1.01969
10.46978,-1.47927,-0.97182
10.29744,-1.40267,-0.82820
10.25914,-1.29735,-0.69416
10.21127,-1.29735,-0.69416
10.24957,-1.39310,-0.62713
10.29744,-1.44097,-0.60798
10.10595,-1.46969,-0.63671
10.08680,-1.57502,-0.59841
10.13467,-1.55587,-0.62713
10.15382,-1.50799,-0.63671
10.12510,-1.47927,-0.76118
10.10595,-1.64204,-0.92395
10.15382,-1.70906,-0.96224
10.20169,-1.46969,-0.90480
10.18254,-1.40267,-0.93352
10.40276,-1.45055,-0.99097
10.28787,-1.32608,-1.06756
10.20169,-1.38352,-1.10586
10.43148,-1.27820,-1.07714
10.53680,-1.20161,-0.92395
10.44106,-1.29735,-0.84735
10.56553,-1.40267,-0.78033
10.51765,-1.46012,-0.67501
10.22084,-1.49842,-0.50266
10.17297,-1.54629,-0.49309
10.28787,-1.78566,-0.54096
10.16340,-1.86225,-0.61756
10.18254,-1.84310,-0.56011
10.21127,-1.67076,-0.35905
10.07723,-1.55587,-0.29202
9.99105,-1.59416,-0.09096
10.00063,-1.63246,0.10053
9.81871,-1.51757,0.44522
9.84744,-1.32608,0.82820
10.06765,-1.43140,1.37395
10.04850,-1.60374,1.81438
10.13467,-1.82395,2.07289
10.46021,-2.18779,2.49417
10.61340,-2.40800,3.12609
10.94851,-2.59949,2.95375
11.56128,-3.03035,2.44630
11.74320,-3.90163,2.08247
11.48469,-4.84952,2.31226
10.68042,-5.43356,3.01120
10.32616,-5.24207,3.31759
11.04425,-4.98356,3.09737
11.84852,-5.05058,2.86758
11.70490,-5.19420,2.82928
11.19745,-5.00271,3.07822
10.91979,-4.99313,2.89630
10.75702,-5.79740,2.49417
10.76659,-6.87932,2.36013
11.12085,-7.37720,2.59949
11.09213,-6.65911,2.73354
11.10170,-6.18995,2.75269
11.13043,-6.30485,2.74311
11.62830,-6.94634,3.27929
11.68575,-6.98464,3.62397
11.36022,-6.49634,3.26971
11.14000,-6.92719,2.89630
10.84319,-7.17613,2.87716
10.82404,-6.64953,3.41333
10.48893,-5.18462,3.64312
10.26872,-4.78249,3.73887
9.50275,-5.18462,3.81546
8.68891,-5.84527,3.97823
8.33465,-5.45271,4.08355
8.30593,-4.75377,4.19845
7.80805,-4.07398,3.98780
7.13783,-3.83461,4.23674
6.54421,-3.75801,4.56228
6.38144,-3.57610,4.81122
6.18038,-3.20269,5.05058
5.85484,-2.95375,4.89739
5.44314,-2.53247,4.88781
5.20377,-2.21651,5.39526
5.57718,-1.90055,5.89314
5.64420,-1.70906,6.26655
4.98356,-1.26863,6.88890
4.55270,-1.17288,6.72613
4.62930,-1.24948,5.95059
4.76334,-1.39310,5.85484
4.53355,-0.98139,6.30485
4.14100,-0.60798,6.66868
3.65269,-0.55054,6.67826
3.83461,-0.70373,6.63038
4.40909,-0.98139,6.72613
4.45696,-1.23991,6.87932
3.77716,-0.62713,7.39635
3.79631,0.33990,7.93252
4.20802,0.89522,8.22934
3.92078,0.65586,8.14316
3.17397,-0.43564,7.81763
3.01120,-1.09629,7.82720
3.49950,-0.55054,8.25806
3.60482,0.26330,8.89955
2.81013,0.72288,9.47403
2.19736,0.56011,9.25381
2.26438,0.33990,9.05275
2.86758,0.00479,9.11019
3.10694,-0.24415,9.09104
2.57077,-0.11011,9.10062
2.33141,0.01436,9.08147
2.68566,-0.23458,9.05275
2.72396,-0.67501,9.16764
2.08247,-0.84735,9.29211
1.91012,-0.92395,9.23466
2.35055,-1.20161,8.98573
2.60907,-1.64204,8.66976
2.15906,-1.76651,8.84211
1.77608,-1.39310,9.33998
2.18779,-0.64628,9.90488
2.58034,-0.16755,9.91446
2.17821,-0.40692,9.51233
1.62289,-1.00054,9.05275
1.64204,-1.37395,9.09104
2.30268,-1.17288,9.37828
2.61864,-0.71330,9.48360
1.99630,-0.62713,9.50275
1.63246,-1.01012,9.29211
2.06332,-1.39310,9.11019
2.17821,-1.46012,9.21551
1.72821,-1.44097,9.34956
1.40267,-1.43140,9.47403
1.76651,-1.27820,9.44530
2.30268,-1.09629,9.49318
2.55162,-1.16331,9.63679
2.19736,-1.13459,9.66552
2.02502,-1.16331,9.51233
2.17821,-1.06756,9.35913
2.38885,-0.90480,9.30169
2.34098,-0.78033,9.49318
2.00587,-0.78990,9.33998
1.75693,-0.93352,9.09104
1.96757,-1.21118,8.91870
2.23566,-1.26863,8.87083
2.04417,-1.14416,8.90913
1.70906,-0.93352,9.03360
1.84310,-0.80905,9.15807
2.20694,-0.78033,9.07190
2.39843,-0.97182,8.95700
2.27396,-1.16331,9.04317
2.02502,-1.23991,9.24424
2.09204,-1.14416,9.36871
2.35055,-0.72288,9.30169
2.40800,-0.48352,9.31126
2.11119,-0.65586,9.38786
1.81438,-0.95267,9.37828
2.10162,-1.04841,9.29211
2.51332,-0.89522,9.34956
2.37928,-0.63671,9.46445
2.11119,-0.62713,9.54105
2.10162,-0.91437,9.58892
2.60907,-0.94309,9.54105
2.97290,-0.75160,9.52190
2.76226,-0.60798,9.49318
2.37928,-0.85692,9.52190
2.36970,-1.15373,9.33041
2.65694,-1.07714,9.23466
2.70481,-0.78990,9.21551
2.46545,-0.73245,9.11977
2.22609,-0.93352,8.99530
2.30268,-0.96224,9.01445
2.61864,-0.83777,9.15807
2.76226,-0.65586,9.22509
2.57077,-0.66543,9.22509
2.37928,-0.69416,9.06232
2.59949,-0.64628,9.09104
2.77184,-0.55054,9.11019
2.67609,-0.54096,9.12934
2.55162,-0.68458,9.09104
2.60907,-0.84735,9.01445
2.73354,-0.84735,9.04317
2.68566,-0.71330,9.16764
2.60907,-0.74203,9.28254
2.52290,-0.73245,9.33041
2.56120,-0.90480,9.26339
2.67609,-0.82820,9.32083
2.81971,-0.61756,9.50275
2.61864,-0.47394,9.50275
2.36970,-0.51224,9.36871
2.56120,-0.65586,9.29211
2.86758,-0.72288,9.30169
2.84843,-0.75160,9.43573
2.72396,-0.77075,9.35913
2.77184,-0.81862,9.28254
3.02077,-0.81862,9.19637
3.06865,-0.80905,9.19637
3.01120,-0.87607,9.20594
2.91545,-0.78990,9.22509
2.96333,-0.60798,9.17722
3.00162,-0.47394,9.05275
3.03992,-0.49309,8.90913
2.90588,-0.55054,8.86126
2.74311,-0.51224,8.94743
2.80056,-0.44522,9.05275
2.97290,-0.30160,8.98573
3.08780,-0.31117,8.95700
2.96333,-0.48352,8.88998
2.95375,-0.68458,9.00487
3.18354,-0.57926,9.23466
3.40376,-0.40692,9.32083
3.22184,-0.28245,9.33041
3.08780,-0.53139,9.19637
3.18354,-0.79948,9.11977
3.28886,-0.71330,9.22509
3.28886,-0.46437,9.31126
3.11652,-0.45479,9.19637
2.94418,-0.66543,9.11019
2.98248,-1.01012,9.05275
3.04950,-1.01969,8.95700
3.04950,-0.78990,9.03360
2.99205,-0.67501,9.04317
2.86758,-0.80905,9.02402
2.94418,-1.01969,8.90913
3.14524,-1.01012,8.91870
3.11652,-0.71330,9.12934
2.99205,-0.56011,9.17722
2.85801,-0.67501,9.11977
2.99205,-0.84735,9.05275
