-8.71764,2.23566,1.87183
-8.73679,2.16864,1.81438
-8.68891,1.90055,1.90055
-8.68891,1.90055,1.92927
-8.71764,2.21651,1.92927
-8.70806,2.36970,1.91012
-8.76551,2.13034,1.78566
-8.74636,1.87183,1.78566
-8.75594,1.78566,1.80480
-8.77508,1.86225,1.82395
-8.72721,2.03459,1.90055
-8.75594,2.01545,1.92927
-8.67934,1.80480,1.95800
-8.62189,1.75693,2.03459
-8.60274,1.73778,2.17821
-8.73679,1.76651,2.17821
-8.86126,1.76651,2.17821
-8.75594,1.85268,2.29311
-8.71764,1.77608,2.36013
-8.88998,1.63246,2.32183
-9.03360,1.54629,2.11119
-8.92828,1.46012,1.90055
-8.79423,1.61331,1.88140
-8.83253,1.86225,2.04417
-8.88040,1.87183,2.15906
-8.95700,1.73778,1.91970
-9.08147,1.57502,1.66119
-9.02402,1.57502,1.64204
-8.97615,1.76651,1.71863
-9.11977,1.89098,1.83353
-9.19637,1.95800,1.86225
-9.13892,1.96757,1.84310
-8.95700,1.90055,1.94842
-8.80381,1.92927,1.96757
-8.62189,2.17821,1.83353
-8.44955,2.57077,1.71863
-8.35380,2.78141,1.80480
-8.30593,2.86758,1.89098
-8.32508,2.91545,1.72821
-8.37295,2.57077,1.65161
-8.48785,2.56120,1.68034
-8.51657,2.80056,1.68034
-8.43998,2.92503,1.46969
-8.28678,3.03035,1.44097
-8.27721,3.17397,1.59416
-8.38253,3.16439,1.58459
-8.41125,2.98248,1.53672
-8.43998,2.92503,1.39310
-8.44955,3.01120,1.46012
-8.45913,3.06865,1.62289
-8.52615,3.01120,1.69948
-8.54529,2.97290,1.68991
-8.64104,2.96333,1.67076
-8.74636,2.74311,1.73778
-8.70806,2.61864,1.63246
-8.80381,2.79098,1.37395
-8.99530,3.07822,1.21118
-9.05275,3.18354,1.27820
-9.14849,3.06865,1.29735
-9.29211,3.21226,1.32608
-9.34956,3.49950,1.21118
-9.33998,3.64312,1.03884
-9.41658,3.84419,1.03884
-9.57935,4.12185,0.82820
-9.64637,4.07398,0.74203
-9.84744,4.19845,0.49309
-10.12510,4.64845,0.26330
-10.31659,4.99313,-0.48352
-10.18254,5.76867,-1.02927
-10.01020,6.21868,-0.71330
-10.03893,5.97931,-0.32075
-10.00063,6.08463,-0.39734
-10.00063,6.72613,-0.53139
-10.03893,6.89847,-0.31117
-9.98148,6.40059,-0.44522
-9.83786,5.47186,-0.41649
-9.96233,4.65802,-0.14841
-9.92403,4.62930,-0.11011
-9.42615,4.45696,-0.34947
-8.95700,3.82504,-0.28245
-8.71764,3.44205,-0.13883
-8.40168,3.22184,0.35905
-7.76018,2.74311,0.91437
-7.11869,2.21651,1.27820
-6.72613,2.06332,1.48884
-6.35272,1.68034,1.64204
-5.77825,1.04841,1.52714
-5.17505,0.44522,1.47927
-4.58143,0.10053,1.61331
-3.59525,-0.22500,2.27396
-2.47502,-0.70373,2.83886
-1.66119,-0.58884,3.10694
-0.78033,-0.71330,3.66227
0.50266,-1.65161,4.06440
1.98672,-1.92927,4.08355
3.10694,-1.95800,4.71547
4.48568,-2.73354,5.98889
5.76867,-2.41758,6.48677
7.00379,-2.17821,7.53997
7.26230,-2.30268,8.72721
6.86017,-1.73778,9.78041
6.50591,-1.82395,11.22617
5.13675,-4.82079,12.75810
2.96333,-7.05166,14.72089
1.43140,-5.09845,13.61981
1.49842,-2.04417,12.29852
1.81438,-0.43564,12.49959
2.04417,-1.91970,13.09321
2.33141,-2.61864,13.25598
2.21651,-1.57502,13.61024
2.23566,-1.30693,13.51449
2.14949,-1.45055,12.42299
2.45587,-1.92927,12.00171
2.54205,-2.54205,12.21235
2.29311,-2.63779,12.41342
2.48460,-3.48993,12.41342
2.98248,-3.98780,12.32725
2.94418,-3.24099,12.03044
2.68566,-3.18354,11.98256
2.35055,-4.43781,11.22617
2.74311,-5.05058,10.91021
3.42291,-5.04101,11.25490
3.90163,-4.53355,11.14958
3.24099,-4.61972,10.72829
2.32183,-5.62505,9.99105
1.81438,-5.84527,8.28678
1.69948,-5.53888,6.88890
1.14416,-4.83037,7.40592
-0.06223,-4.33249,7.98997
-0.80905,-4.10270,7.88465
-1.63246,-3.32716,7.20486
-2.64737,-2.30268,6.70698
-3.15482,-1.10586,5.54846
-3.48035,-1.01012,4.75377
-3.89206,-1.61331,3.83461
-4.84952,-1.32608,2.95375
-5.24207,-0.87607,3.11652
-4.93569,-0.23458,3.15482
-5.01228,0.77075,2.35055
-5.85484,1.57502,1.40267
-7.08039,1.84310,0.80905
-7.43465,1.68034,0.55054
-6.86975,0.89522,0.74203
-5.72080,0.57926,0.99097
-5.96016,1.81438,0.58884
-7.22401,2.93460,0.33032
-8.01869,3.50908,0.11011
-7.74103,3.55695,0.00000
-6.89847,3.36546,-0.06223
-6.84102,3.49950,-0.41649
-7.31975,4.01653,-0.57926
-7.88465,4.76334,-0.78033
-7.90380,5.04101,-1.19203
-7.64529,4.73462,-1.59416
-7.81763,5.06016,-1.63246
-8.36338,6.07506,-1.50799
-8.75594,6.73570,-1.07714
-8.62189,7.09954,-0.93352
-8.94743,7.02294,-1.40267
-9.56020,7.24315,-2.60907
-9.94318,8.71764,-3.95908
-9.82829,9.81871,-4.35164
-9.24424,9.25381,-3.21226
-8.04742,7.08039,-1.13459
-8.12401,5.92187,-0.22500
-8.84211,5.51973,-0.01436
-8.86126,4.97398,-0.11011
-8.79423,4.30377,-0.53139
-8.65062,3.38461,-0.51224
-8.65062,3.03035,-0.11011
-8.67934,3.14524,0.35905
-8.67934,3.37503,0.87607
-8.94743,3.36546,1.09629
-8.89955,3.21226,1.09629
-8.68891,3.09737,0.89522
-8.70806,3.37503,0.79948
-8.96658,3.68142,0.92395
-9.03360,3.67184,1.16331
-9.09104,3.47078,1.21118
-9.15807,3.42291,0.89522
-9.11977,3.43248,0.78990
-9.11019,3.25056,0.64628
-9.10062,3.32716,0.39734
-8.84211,3.36546,0.29202
-8.75594,3.30801,0.44522
-8.70806,2.98248,1.13459
-8.61232,2.82928,1.40267
-8.53572,2.77184,1.13459
-8.39210,2.66651,0.82820
-8.23891,2.61864,0.66543
-8.29636,2.71439,0.85692
-8.53572,2.80056,1.35480
-8.64104,3.19312,1.79523
-8.64104,3.58567,1.83353
-8.47827,3.26971,1.53672
-8.46870,3.10694,1.00054
-8.75594,3.25056,0.83777
-8.67934,3.47078,1.10586
-8.60274,3.65269,1.35480
-8.64104,3.69099,1.46012
-8.73679,3.34631,1.36437
-8.75594,2.99205,1.13459
-8.76551,2.95375,0.90480
-8.66019,3.02077,0.99097
-8.53572,3.05907,1.21118
-8.52615,3.05907,1.37395
-8.52615,2.99205,1.26863
-8.48785,2.94418,1.19203
-8.49742,3.03035,1.24948
-8.59317,3.08780,1.32608
