-6.41974,6.82187,-1.67076
-6.42932,6.97507,-1.51757
-6.40059,6.90805,-1.51757
-6.37187,6.68783,-1.68991
-6.41017,6.63038,-1.76651
-6.37187,6.78358,-1.61331
-6.33357,6.95592,-1.37395
-6.41017,7.03251,-1.45055
-6.46762,6.88890,-1.57502
-6.33357,6.74528,-1.58459
-6.27612,6.83145,-1.62289
-6.43889,7.03251,-1.59416
-6.50591,7.02294,-1.59416
-6.45804,6.89847,-1.61331
-6.38144,6.72613,-1.61331
-6.39102,6.63996,-1.69948
-6.46762,6.67826,-1.76651
-6.52506,6.76443,-1.70906
-6.53464,6.82187,-1.53672
-6.45804,6.81230,-1.41225
-6.47719,6.81230,-1.46969
-6.55379,6.84102,-1.59416
-6.63038,6.83145,-1.65161
-6.65911,6.83145,-1.68034
-6.57294,6.77400,-1.78566
-6.66868,6.66868,-1.96757
-6.86975,6.70698,-2.12077
-6.84102,6.77400,-2.11119
-6.73570,6.79315,-1.95800
-6.72613,6.81230,-2.03459
-6.78358,6.86975,-2.15906
-6.76443,6.85060,-2.21651
-6.78358,6.75485,-2.03459
-6.68783,6.70698,-1.82395
-6.56336,6.67826,-1.64204
-6.43889,6.58251,-1.57502
-6.37187,6.51549,-1.68991
-6.38144,6.73570,-1.81438
-6.49634,6.88890,-1.85268
-6.49634,6.94634,-1.81438
-6.35272,6.90805,-1.68991
-6.23783,6.90805,-1.55587
-6.28570,6.99422,-1.69948
-6.36230,7.03251,-1.79523
-6.41974,7.09954,-1.90055
-6.50591,7.07081,-1.98672
-6.77400,7.00379,-2.16864
-6.88890,7.51124,-2.74311
-6.70698,8.10487,-3.13567
-6.62081,8.44955,-3.35588
-7.04209,8.50700,-3.26971
-7.12826,8.23891,-2.88673
-6.85060,8.42083,-3.12609
-6.90805,9.06232,-4.05483
-7.28145,9.56020,-5.01228
-7.46337,9.29211,-4.55270
-7.05166,8.38253,-3.87291
-6.56336,7.69316,-3.70057
-6.62081,7.56869,-3.80589
-6.98464,8.13359,-3.75801
-7.14741,8.45913,-3.48035
-6.93677,8.03784,-3.31759
-6.90805,7.53039,-3.75801
-7.11869,7.07081,-3.71972
-7.26230,6.53464,-3.13567
-6.79315,6.15165,-2.43673
-6.50591,6.17080,-2.27396
-6.75485,6.47719,-2.62822
-7.16656,6.43889,-2.28353
-7.05166,5.54846,-1.83353
-6.35272,4.25589,-1.13459
-5.71123,3.47078,-0.58884
-5.95059,3.26971,-0.68458
-6.35272,2.74311,-0.52181
-5.96016,2.31226,0.12926
-5.36654,2.21651,0.78990
-5.12718,2.08247,1.14416
-5.14633,1.78566,1.37395
-5.06016,1.21118,1.46012
-4.62930,0.53139,2.21651
-3.78674,-0.10053,3.10694
-3.55695,-0.38777,3.24099
-4.07398,-0.53139,3.47078
-4.28462,-0.70373,3.78674
-3.69099,-1.44097,3.98780
-2.59949,-2.45587,4.56228
-2.00587,-2.64737,5.51973
-2.24523,-2.07289,5.93144
-2.17821,-2.05374,6.35272
-1.53672,-1.94842,6.62081
-1.39310,-1.47927,6.73570
-1.05799,-2.03459,7.05166
0.19628,-2.82928,7.86550
0.83777,-2.82928,8.52615
0.60798,-1.97715,8.85168
0.19628,-1.26863,9.00487
0.76118,-1.57502,9.32083
1.73778,-1.27820,10.32616
1.80480,-0.13883,11.10170
1.60374,-0.08138,11.40809
1.84310,-1.44097,11.76235
2.02502,-2.72396,11.26447
2.26438,-3.38461,11.14958
2.01545,-3.02077,11.86767
2.26438,-2.58034,13.24640
2.19736,-2.84843,11.76235
2.03459,-3.48035,11.36022
2.35055,-3.08780,12.20278
2.36013,-2.88673,12.93044
2.32183,-3.41333,12.94959
2.37928,-3.16439,12.72938
2.48460,-2.76226,12.94959
2.50375,-3.10694,13.31343
2.40800,-3.47078,12.90172
2.35055,-3.48035,12.43257
2.30268,-3.46120,12.40384
2.13034,-3.52823,12.29852
2.14949,-3.66227,12.30810
2.18779,-3.62397,12.52831
2.34098,-3.52823,12.61448
2.14949,-3.44205,12.49959
1.92927,-3.88248,12.28895
1.63246,-4.36121,11.59958
1.66119,-4.54313,11.34107
1.69948,-4.19845,11.20702
1.20161,-4.17930,10.64212
0.67501,-5.10803,10.35489
0.69416,-5.86442,10.41233
0.96224,-5.68250,10.35489
0.61756,-5.28037,9.63679
-0.45479,-5.27080,8.65062
-1.20161,-4.94526,7.73146
-1.64204,-4.60058,7.38677
-1.82395,-4.72505,7.02294
-2.55162,-4.04525,6.44847
-3.50908,-3.47078,6.00804
-3.94951,-3.14524,5.97931
-3.77716,-3.19312,5.73995
-3.56652,-2.94418,5.16548
-3.98780,-1.76651,4.16015
-4.91654,-0.36862,3.08780
-5.71123,0.21543,2.26438
-5.96974,-0.03351,2.38885
-4.98356,-0.75160,2.58992
-4.44738,-0.54096,1.87183
-5.05058,0.54096,1.01969
-5.89314,1.65161,0.20585
-6.30485,2.27396,-0.45479
-6.35272,2.29311,-1.09629
-6.17080,1.44097,-0.88565
-5.63463,0.61756,-0.46437
-5.59633,1.08671,-1.00054
-6.32400,2.22609,-1.77608
-6.72613,3.53780,-2.04417
-6.90805,4.35164,-1.90055
-7.20486,4.83994,-1.88140
-7.46337,5.41441,-2.52290
-7.72188,5.97931,-2.72396
-7.42507,6.02719,-2.36970
-7.01337,5.91229,-2.28353
-6.82187,6.35272,-2.43673
-7.09954,6.96549,-2.55162
-7.36762,7.48252,-2.59949
-7.17613,7.64529,-2.74311
-6.58251,6.95592,-3.23141
-6.91762,6.09421,-3.60482
-7.37720,5.84527,-3.84419
-7.03251,5.96974,-3.62397
-6.28570,5.99846,-3.22184
-5.92187,5.99846,-3.13567
-6.37187,6.23783,-3.29844
-7.07081,6.76443,-3.57610
-7.28145,7.36762,-3.56652
-6.85060,7.35805,-3.50908
-6.66868,7.01337,-3.76759
-7.05166,7.32933,-3.93993
-7.52082,8.25806,-3.82504
-7.35805,8.89955,-3.43248
-6.63996,8.82296,-3.31759
-6.34315,8.27721,-3.64312
-6.51549,8.23891,-3.84419
-6.64953,8.43998,-3.57610
-6.45804,8.27721,-3.06865
-6.09421,7.72188,-3.00162
-5.92187,6.85060,-3.13567
-6.11336,6.42932,-3.18354
-6.44847,6.66868,-3.18354
-6.26655,6.78358,-2.84843
-5.98889,6.64953,-2.45587
-6.00804,6.26655,-2.71439
-6.17080,5.99846,-2.93460
-6.34315,6.14208,-2.81013
-6.49634,6.60166,-2.60907
-6.42932,6.69740,-2.53247
-6.41974,6.57294,-2.62822
-6.44847,6.46762,-2.68566
-6.48677,6.56336,-2.70481
-6.69740,6.74528,-2.76226
-6.57294,6.82187,-2.72396
-6.40059,6.74528,-2.79098
-6.43889,6.72613,-2.92503
-6.50591,6.82187,-3.03992
-6.34315,6.74528,-2.86758
-6.34315,6.66868,-2.92503
-6.47719,6.61123,-3.06865
-6.53464,6.66868,-3.08780
-6.43889,6.78358,-3.04950
-6.36230,6.68783,-3.03035
-6.40059,6.51549,-2.97290
-6.48677,6.48677,-2.70481
-6.43889,6.73570,-2.36013
-6.49634,6.94634,-2.13991
-6.49634,6.81230,-2.06332
-6.37187,6.62081,-2.19736
-6.44847,6.43889,-2.25481
-6.49634,6.43889,-2.19736
-6.46762,6.59208,-2.08247
-6.41017,6.50591,-2.07289
-6.39102,6.46762,-2.16864
-6.51549,6.62081,-2.32183
-6.50591,6.70698,-2.33141
-6.36230,6.67826,-2.36970
-6.44847,6.62081,-2.44630
-6.43889,6.68783,-2.46545
-6.44847,6.88890,-2.40800
-6.41974,7.03251,-2.31226
-6.29527,6.94634,-2.36013
-6.19953,6.79315,-2.34098
-6.31442,6.80273,-2.39843
-6.36230,6.91762,-2.32183
-6.25697,6.96549,-2.27396
-6.22825,6.86975,-2.23566
-6.20910,6.75485,-2.27396
-6.31442,6.67826,-2.33141
-6.31442,6.69740,-2.33141
-6.32400,6.78358,-2.26438
-6.33357,6.76443,-2.25481
-6.29527,6.69740,-2.36970
-6.32400,6.66868,-2.45587
-6.27612,6.74528,-2.39843
-6.23783,6.83145,-2.37928
-6.24740,6.87932,-2.36970
-6.29527,6.91762,-2.41758
-6.31442,6.91762,-2.40800
-6.31442,6.87932,-2.50375
-6.28570,6.82187,-2.51332
-6.18038,6.90805,-2.45587
-6.18038,6.86975,-2.41758
-6.28570,6.87932,-2.40800
-6.27612,6.97507,-2.37928
-6.28570,6.97507,-2.32183
-6.25697,6.87932,-2.36970
-6.32400,6.67826,-2.50375
-6.36230,6.63996,-2.42715
-6.23783,6.81230,-2.31226
-6.31442,6.97507,-2.19736
-6.27612,6.90805,-2.23566
-6.28570,6.66868,-2.34098
-6.37187,6.65911,-2.39843
-6.34315,6.83145,-2.47502
