-8.33465,4.29419,-0.98139
-8.25806,4.11227,-0.99097
-8.21019,4.06440,-1.03884
-8.29636,4.16015,-1.01012
-8.35380,4.23674,-1.00054
-8.37295,4.22717,-1.06756
-8.31551,4.09312,-1.12501
-8.32508,3.98780,-1.11544
-8.40168,4.02610,-1.20161
-8.45913,4.21759,-1.17288
-8.43040,4.36121,-1.14416
-8.37295,4.23674,-1.13459
-8.36338,3.97823,-1.18246
-8.42083,3.90163,-1.29735
-8.46870,4.02610,-1.23033
-8.45913,4.26547,-1.08671
-8.35380,4.29419,-1.01969
-8.25806,4.04525,-1.03884
-8.29636,3.85376,-1.10586
-8.35380,3.99738,-1.10586
-8.47827,4.36121,-1.00054
-8.35380,4.33249,-0.86650
-8.22934,4.00695,-0.81862
-8.16231,3.79631,-0.83777
-8.19104,3.96866,-0.75160
-8.21976,4.25589,-0.56969
-8.16231,4.24632,-0.52181
-7.98997,3.93993,-0.43564
-7.89422,3.77716,-0.33032
-8.01869,3.92078,-0.27287
-8.27721,4.18887,-0.31117
-8.38253,4.27504,-0.28245
-8.22934,4.12185,-0.21543
-8.10487,3.91121,-0.25373
-8.27721,3.93993,-0.43564
-8.63147,4.21759,-0.54096
-8.68891,4.40909,-0.39734
-8.53572,4.47611,-0.30160
-8.48785,4.28462,-0.34947
-8.49742,4.06440,-0.56969
-8.53572,4.10270,-0.61756
-8.43998,4.30377,-0.52181
-8.32508,4.38036,-0.50266
-8.27721,4.21759,-0.56011
-8.34423,4.20802,-0.68458
-8.31551,4.22717,-0.71330
-8.23891,4.05483,-0.69416
-8.21019,3.78674,-0.69416
-8.26763,3.70057,-0.79948
-8.43998,4.01653,-0.81862
-8.60274,4.42823,-0.92395
-8.70806,4.41866,-1.27820
-8.66976,4.11227,-1.37395
-8.79423,4.30377,-1.57502
-9.04317,4.78249,-2.10162
-9.25381,5.13675,-2.42715
-9.52190,5.06973,-2.24523
-9.40700,4.83994,-2.06332
-9.19637,4.88781,-2.14949
-9.20594,4.89739,-2.13991
-9.11019,4.77292,-1.82395
-8.96658,4.70590,-1.19203
-9.17722,5.14633,-0.62713
-9.37828,5.01228,-0.10053
-9.10062,4.30377,0.16755
-8.60274,3.73887,0.24415
-8.40168,3.42291,-0.21543
-8.47827,3.39418,-0.17713
-8.46870,3.53780,0.22500
-8.25806,3.30801,0.59841
-7.77933,2.65694,1.14416
-7.37720,2.37928,1.68034
-7.51124,2.68566,1.81438
-7.67401,2.85801,1.99630
-7.38677,2.77184,2.17821
-6.87932,2.28353,2.20694
-6.36230,1.51757,2.39843
-6.12293,0.84735,2.82928
-6.00804,0.46437,3.26014
-5.31867,0.62713,4.07398
-4.87824,0.99097,4.68675
-4.74419,0.04309,5.08888
-4.32291,-1.20161,5.21335
-3.87291,-1.30693,5.06016
-3.61440,-0.87607,5.13675
-3.29844,-1.11544,5.56761
-2.54205,-2.03459,5.93144
-1.52714,-3.39418,6.54421
-0.22500,-4.33249,7.08996
0.40692,-3.82504,7.50167
-0.03351,-2.73354,7.43465
-0.58884,-2.47502,7.13783
-0.17713,-2.83886,7.21443
0.67501,-3.07822,8.07614
1.24948,-2.98248,9.18679
1.09629,-2.80056,9.46445
1.02927,-2.59949,9.16764
1.78566,-2.28353,10.08680
2.66651,-1.83353,11.46554
2.92503,-0.91437,11.94426
3.47078,-0.68458,12.13576
4.21759,-1.96757,12.00171
4.77292,-3.22184,12.08788
4.67717,-2.57077,11.81022
4.00695,-1.94842,11.37936
4.24632,-2.34098,11.41766
4.54313,-2.48460,11.14958
4.34206,-2.60907,10.91979
4.20802,-2.14949,10.72829
4.27504,-2.17821,10.22084
3.93036,-1.74736,9.87616
3.74844,-1.21118,10.29744
3.77716,-1.15373,10.51765
3.87291,-1.91012,10.36446
3.82504,-2.34098,9.93361
3.64312,-1.65161,9.55062
3.77716,-1.18246,10.01020
3.96866,-1.44097,10.52723
3.98780,-1.57502,10.42191
3.91121,-1.21118,9.76126
3.71014,-0.22500,9.88573
3.66227,-0.87607,10.54638
3.74844,-2.00587,10.84319
4.13142,-2.06332,11.33149
4.40909,-1.71863,11.59001
4.92611,-1.47927,11.55171
4.99313,-2.68566,11.19745
4.96441,-4.83037,11.03468
5.04101,-4.82079,11.51341
5.25165,-3.08780,11.72405
5.16548,-3.05907,10.94851
4.16972,-5.48144,9.56020
2.95375,-6.96549,8.66976
2.56120,-6.15165,8.72721
2.48460,-5.39526,8.88998
1.12501,-5.28994,8.56444
-0.43564,-5.91229,8.79423
-0.99097,-5.46229,8.75594
-1.09629,-3.60482,8.49742
-1.13459,-1.97715,7.14741
-1.83353,-2.04417,5.69208
-3.39418,-2.69524,4.11227
-4.78249,-3.26971,3.84419
-4.94526,-3.45163,4.24632
-4.28462,-2.32183,4.60058
-4.16972,-0.76118,4.19845
-5.06973,0.29202,3.57610
-6.33357,0.68458,3.01120
-6.99422,-0.24415,2.72396
-6.54421,-1.26863,2.13034
-6.52506,-0.40692,1.10586
-6.85060,0.75160,1.12501
-7.00379,1.24948,1.29735
-7.76976,1.74736,0.79948
-8.17189,2.29311,0.54096
-8.07614,2.06332,0.46437
-8.02827,1.43140,0.19628
-8.01869,1.32608,0.11968
-8.31551,1.78566,0.24415
-8.54529,2.29311,0.30160
-8.63147,2.54205,0.11011
-8.61232,2.14949,-0.07181
-8.42083,1.80480,-0.02394
-8.02827,1.66119,0.33032
-8.37295,1.96757,0.07181
-9.22509,2.36013,-0.08138
-9.41658,2.60907,0.39734
-8.73679,2.06332,1.14416
-8.07614,1.20161,1.42182
-7.98997,1.85268,0.01436
-8.24848,2.87716,-2.34098
-8.66019,4.55270,-3.82504
-9.25381,7.04209,-3.54737
-10.09637,8.63147,-2.21651
-9.56977,8.38253,-1.16331
-8.46870,6.95592,-1.05799
-8.50700,5.78782,-1.23991
-8.70806,4.85909,-1.01012
-8.60274,4.80164,-1.38352
-8.70806,5.06016,-2.04417
-8.62189,4.61015,-1.99630
-8.61232,3.86334,-0.97182
-8.53572,3.60482,0.05266
-8.44955,3.57610,0.13883
-8.56444,3.47078,-0.92395
-8.65062,3.40376,-1.54629
-8.60274,3.91121,-1.31650
-8.49742,4.36121,-0.64628
-8.43040,4.22717,-0.13883
-8.40168,3.94951,-0.24415
-8.34423,3.91121,-0.63671
-8.39210,4.02610,-0.90480
-8.37295,4.07398,-1.14416
-8.41125,3.99738,-1.23991
-8.35380,3.80589,-0.92395
-8.39210,3.67184,-0.39734
-8.52615,3.53780,-0.20585
-8.61232,3.31759,-0.45479
-8.46870,3.32716,-0.60798
-8.45913,3.27929,-0.63671
-8.64104,3.32716,-0.65586
-8.56444,3.64312,-0.39734
-8.53572,3.71014,-0.31117
-8.56444,3.55695,-0.40692
-8.44955,3.52823,-0.52181
-8.42083,3.65269,-0.57926
-8.43998,3.85376,-0.53139
-8.38253,3.96866,-0.45479
-8.27721,3.93036,-0.46437
-8.21019,3.88248,-0.46437
-8.33465,3.89206,-0.47394
-8.43998,3.90163,-0.39734
-8.47827,3.88248,-0.25373
-8.43040,3.84419,-0.21543
-8.46870,3.78674,-0.28245
-8.43998,3.65269,-0.33032
-8.53572,3.42291,-0.41649
-8.47827,3.39418,-0.42607
-8.39210,3.48993,-0.44522
-8.48785,3.61440,-0.56969
-8.57402,3.65269,-0.63671
-8.72721,3.63355,-0.71330
-8.71764,3.60482,-0.76118
-8.69849,3.53780,-0.78990
-8.66019,3.47078,-0.61756
-8.59317,3.62397,-0.54096
-8.66019,3.71014,-0.53139
-8.72721,3.68142,-0.54096
-8.65062,3.58567,-0.53139
-8.49742,3.47078,-0.31117
-8.47827,3.34631,-0.28245
-8.54529,3.45163,-0.29202
-8.67934,3.57610,-0.24415
-8.86126,3.54737,-0.15798
-8.69849,3.32716,-0.11011
-8.62189,3.11652,-0.30160
-8.66976,3.12609,-0.36862
-8.82296,3.28886,-0.27287
-8.80381,3.36546,-0.11011
-8.72721,3.38461,-0.00479
-8.71764,3.42291,-0.00479
-8.73679,3.40376,-0.06223
-8.73679,3.41333,-0.03351
-8.74636,3.46120,0.03351
-8.70806,3.56652,0.15798
-8.67934,3.60482,0.16755
-8.64104,3.55695,0.06223
-8.58359,3.47078,0.00479
-8.59317,3.50908,0.04309
-8.64104,3.51865,0.00000
-8.62189,3.51865,-0.10053
-8.53572,3.51865,-0.15798
-8.50700,3.43248,-0.15798
-8.50700,3.44205,-0.26330
-8.57402,3.59525,-0.21543
-8.55487,3.62397,-0.17713
-8.59317,3.55695,-0.19628
-8.51657,3.53780,-0.18670
-8.60274,3.55695,-0.18670
-8.50700,3.55695,-0.14841
-8.52615,3.52823,-0.19628
-8.54529,3.63355,-0.19628
-8.56444,3.62397,-0.16755
-8.62189,3.52823,-0.19628
-8.56444,3.41333,-0.14841
-8.51657,3.44205,-0.18670
-8.53572,3.61440,-0.20585
-8.55487,3.60482,-0.18670
-8.53572,3.49950,-0.16755
