-8.64104,3.03992,0.48352
-8.61232,2.98248,0.50266
-8.69849,2.87716,0.40692
-8.80381,2.87716,0.38777
-8.76551,2.95375,0.39734
-8.77508,3.00162,0.39734
-8.75594,2.92503,0.42607
-8.67934,2.88673,0.45479
-8.76551,2.91545,0.51224
-8.83253,2.92503,0.56969
-8.76551,2.96333,0.60798
-8.71764,2.99205,0.63671
-8.65062,2.99205,0.57926
-8.77508,2.96333,0.53139
-8.78466,2.88673,0.51224
-8.75594,2.88673,0.46437
-8.70806,2.97290,0.48352
-8.68891,3.03035,0.53139
-8.66976,3.00162,0.52181
-8.71764,2.89630,0.45479
-8.75594,2.81971,0.42607
-8.74636,2.88673,0.47394
-8.70806,2.97290,0.56011
-8.69849,2.96333,0.62713
-8.72721,2.89630,0.61756
-8.76551,2.85801,0.56011
-8.86126,2.87716,0.58884
-8.85168,2.87716,0.57926
-8.75594,2.90588,0.58884
-8.69849,2.81013,0.56011
-8.74636,2.86758,0.56011
-8.84211,3.03992,0.48352
-8.83253,3.03992,0.46437
-8.70806,2.89630,0.48352
-8.68891,2.81013,0.42607
-8.77508,2.96333,0.37820
-8.82296,3.10694,0.39734
-8.72721,3.05907,0.52181
-8.57402,2.93460,0.52181
-8.55487,2.85801,0.38777
-8.65062,2.90588,0.32075
-8.67934,2.95375,0.42607
-8.70806,2.90588,0.50266
-8.73679,2.87716,0.48352
-8.71764,2.87716,0.43564
-8.67934,2.82928,0.43564
-8.67934,2.94418,0.45479
-8.84211,2.99205,0.44522
-8.98573,2.90588,0.46437
-8.86126,2.77184,0.52181
-8.87083,2.66651,0.31117
-9.02402,2.69524,0.09096
-8.99530,2.95375,0.24415
-8.78466,3.16439,0.51224
-8.63147,3.13567,0.64628
-8.60274,3.01120,0.41649
-8.49742,2.95375,0.16755
-8.83253,3.03992,0.23458
-9.31126,2.97290,0.46437
-9.09104,2.98248,0.50266
-8.86126,2.89630,0.39734
-8.76551,2.76226,0.23458
-8.85168,2.87716,0.19628
-9.00487,3.05907,0.41649
-8.88998,3.07822,0.59841
-8.57402,2.99205,0.55054
-8.40168,3.02077,0.43564
-8.44955,3.15482,0.38777
-8.53572,3.20269,0.44522
-8.66019,3.16439,0.38777
-8.66976,2.97290,0.28245
-8.58359,2.96333,0.16755
-8.66976,3.08780,0.21543
-8.72721,3.26971,0.25373
-8.59317,3.43248,0.28245
-8.40168,3.28886,0.33032
-8.55487,3.14524,0.11011
-8.81338,3.21226,0.06223
-8.70806,3.47078,0.30160
-8.53572,3.54737,0.45479
-8.54529,3.24099,0.37820
-8.71764,3.12609,0.08138
-8.70806,3.49950,0.15798
-8.79423,3.84419,0.37820
-8.78466,3.75801,0.43564
-8.68891,3.38461,0.39734
-8.75594,3.18354,0.19628
-8.92828,3.39418,0.00479
-9.06232,3.69099,0.15798
-8.80381,3.32716,0.47394
-8.65062,2.93460,0.36862
-8.72721,2.97290,0.16755
-8.79423,3.10694,0.11968
-8.96658,3.32716,0.10053
-8.84211,3.43248,0.06223
-8.71764,3.50908,-0.06223
-8.90913,3.56652,-0.35905
-9.41658,3.73887,-0.53139
-9.66552,4.01653,-0.33032
-9.55062,4.28462,-0.15798
-9.30169,4.56228,-0.41649
-9.44530,4.83037,-0.63671
-9.81871,4.86866,-0.49309
-9.79956,5.02186,-0.40692
-9.39743,5.25165,-0.59841
-9.11019,5.17505,-0.65586
-9.31126,4.80164,-0.42607
-9.68467,4.69632,-0.45479
-9.47403,4.70590,-0.21543
-9.00487,4.34206,0.21543
-8.64104,3.74844,0.58884
-8.94743,3.53780,0.56011
-9.33041,3.45163,0.84735
-9.24424,2.89630,1.25905
-8.81338,2.31226,1.40267
-8.52615,2.02502,1.34523
-8.75594,1.80480,1.38352
-8.78466,1.79523,1.60374
-8.33465,1.67076,1.85268
-7.81763,1.11544,2.03459
-7.68358,0.81862,2.27396
-7.31975,0.45479,2.84843
-6.66868,-0.00479,3.04950
-6.17080,-0.10053,2.96333
-5.86442,-0.10053,3.02077
-5.58676,-0.25373,3.26014
-5.02186,-0.37820,3.52823
-4.46653,-0.71330,3.89206
-3.66227,-1.24948,4.47611
-2.50375,-1.64204,5.03143
-1.34523,-2.69524,5.31867
-0.88565,-3.10694,5.26122
-0.30160,-3.48993,5.80697
0.75160,-3.70057,6.45804
1.51757,-3.48035,6.89847
1.70906,-4.18887,7.35805
1.38352,-5.03143,7.24315
1.23033,-4.57185,7.20486
1.67076,-2.62822,8.09529
1.91012,-1.70906,9.29211
2.41758,-2.46545,9.91446
3.03992,-3.45163,9.81871
3.05907,-3.24099,9.70382
2.89630,-2.68566,9.89531
3.29844,-3.31759,11.00596
3.45163,-3.72929,11.52298
3.05907,-4.53355,11.76235
3.34631,-5.50059,12.54746
2.87716,-4.65802,11.48469
2.59949,-3.41333,10.75702
2.89630,-4.07398,10.80489
3.08780,-4.51441,11.08255
2.88673,-3.23141,11.50384
2.55162,-2.40800,11.85809
2.54205,-2.91545,11.08255
2.47502,-2.75269,10.22084
2.63779,-3.29844,10.42191
2.75269,-3.25056,10.83361
2.60907,-2.64737,10.94851
2.52290,-2.91545,10.83361
2.81013,-3.47078,10.25914
2.68566,-3.44205,10.08680
2.52290,-3.81546,10.62297
2.59949,-3.93036,11.40809
3.04950,-3.93993,11.61873
3.44205,-3.59525,11.34107
3.56652,-4.96441,10.35489
3.97823,-7.13783,9.05275
4.39951,-7.41550,8.63147
4.51441,-6.81230,9.12934
3.64312,-7.05166,9.09104
1.68991,-7.53039,8.60274
1.03884,-6.89847,8.19104
1.36437,-4.85909,7.76976
0.48352,-4.31334,7.76976
-1.36437,-5.64420,7.89422
-2.42715,-5.04101,6.45804
-3.08780,-3.82504,5.46229
-3.59525,-3.64312,5.02186
-4.48568,-3.06865,4.35164
-5.65378,-2.36013,3.80589
-6.52506,-1.85268,3.11652
-6.55379,-1.86225,2.65694
-6.34315,-0.92395,2.37928
-6.49634,0.47394,1.86225
-7.27188,1.81438,1.01969
-7.95167,1.98672,0.46437
-7.81763,1.03884,0.26330
-6.78358,0.64628,0.41649
-6.18038,1.04841,0.48352
-6.63038,2.35055,0.23458
-7.23358,3.66227,-0.00479
-7.49209,3.93993,-0.08138
-7.59741,3.66227,-0.55054
-7.49209,3.42291,-0.76118
-7.46337,3.24099,-0.86650
-7.71231,3.42291,-1.27820
-7.89422,4.18887,-1.58459
-8.05699,4.82079,-1.78566
-8.03784,4.96441,-1.99630
-8.14316,4.89739,-1.98672
-8.32508,5.25165,-1.93885
-8.38253,5.69208,-2.11119
-8.21019,5.77825,-2.48460
-8.12401,5.91229,-2.60907
-8.02827,6.05591,-2.39843
-7.88465,6.18038,-2.17821
-7.80805,6.05591,-1.68034
-7.96125,5.94102,-1.16331
-8.18146,5.90272,-0.98139
-7.90380,5.52931,-1.36437
-7.72188,5.53888,-1.56544
-7.86550,5.94102,-1.92927
-8.21019,6.13251,-1.99630
-8.10487,6.01761,-1.59416
-7.89422,6.08463,-1.51757
-7.98997,6.10378,-1.74736
-8.00912,5.76867,-1.87183
-7.81763,5.57718,-1.75693
-7.76976,5.67293,-1.36437
-7.95167,5.50059,-1.04841
-7.91337,5.10803,-0.85692
-8.02827,5.01228,-1.02927
-7.80805,5.11760,-0.99097
-7.49209,4.90696,-0.77075
-7.75061,4.56228,-0.87607
-7.98997,4.64845,-0.78033
-8.01869,4.73462,-0.58884
-7.96125,4.61972,-0.54096
-8.13359,4.38036,-0.64628
-8.37295,4.11227,-0.53139
-8.45913,4.15057,-0.40692
-8.49742,4.31334,-0.44522
-8.43998,4.35164,-0.54096
-8.45913,4.47611,-0.70373
-8.65062,4.42823,-0.80905
-8.72721,4.40909,-0.72288
-8.44955,4.44738,-0.29202
-8.38253,4.21759,0.02394
-8.69849,4.03568,-0.06223
-8.88998,3.94951,-0.18670
-8.61232,3.93993,-0.22500
-8.34423,3.87291,-0.26330
-8.40168,3.87291,-0.23458
-8.57402,4.13142,-0.17713
-8.57402,4.22717,0.04309
-8.31551,3.97823,0.25373
-8.21019,3.92078,0.02394
-8.35380,4.14100,-0.07181
-8.67934,4.43781,-0.18670
-8.76551,4.39951,-0.16755
-8.59317,4.04525,0.03351
-8.34423,3.89206,0.10053
-8.29636,3.91121,0.10053
-8.44955,4.09312,0.06223
-8.65062,4.17930,0.00000
-8.45913,4.04525,0.13883
-8.23891,3.81546,0.10053
-8.21019,3.73887,0.00479
-8.33465,4.04525,0.00000
-8.37295,4.09312,0.29202
-8.39210,3.88248,0.43564
-8.39210,3.89206,0.20585
-8.37295,4.08355,0.05266
-8.41125,4.36121,0.11968
-8.44955,4.31334,0.14841
-8.40168,4.08355,0.13883
-8.25806,3.86334,0.17713
-8.19104,3.86334,0.16755
-8.27721,4.03568,0.04309
