-11.111280 4.141000 -1.795230
-11.724050 4.102700 -1.881400
-11.657030 3.825040 -2.168640
-11.063400 3.920780 -2.599490
-10.651700 3.700570 -2.647370
-10.690000 3.154820 -2.551620
-10.718720 2.723960 -2.302680
-10.287870 2.666510 -1.938850
-9.780410 2.408000 -1.718630
-9.301690 1.536720 -1.364370
-9.043170 1.057990 -0.971820
-8.765510 0.904800 -0.694160
-8.411250 0.866500 -0.416490
-8.009120 0.483520 -0.004790
-7.539970 0.004790 0.253730
-7.156980 -0.292020 0.694160
-6.639960 -0.359050 1.163310
-6.122930 -0.110110 1.546290
-5.797400 0.186700 2.197360
-5.108030 -0.244150 2.781410
-4.466530 -0.876070 2.944180
-4.035680 -1.067560 3.173970
-3.681420 -0.502660 3.643120
-3.595250 -0.521810 4.150570
-2.752690 -1.661190 5.060160
-1.450550 -2.685660 5.826120
-0.569690 -2.704810 6.314420
-0.205850 -2.044170 6.553790
-0.397340 -1.795230 6.084630
-0.483520 -1.919700 5.548460
0.023940 -2.312260 5.739950
1.125010 -2.465450 6.496340
1.986720 -2.197360 7.358050
2.676090 -1.527140 8.258060
2.934600 -0.933520 8.526150
2.886730 -0.895220 8.957000
3.193120 -0.493090 9.320830
3.288860 -0.196280 8.832530
4.121850 -0.598410 8.794230
4.897390 -1.871830 9.952760
4.830370 -2.321830 11.446390
3.805890 -1.603740 11.791070
4.667600 -2.245230 13.552790
4.571850 -3.087800 12.863420
3.710140 -2.934600 11.388940
3.135670 0.579260 11.283620
3.451630 1.125010 12.777250
4.265470 -1.958000 13.658110
4.093120 -1.900550 12.882570
3.796310 0.263300 12.786830
3.901630 0.521810 13.275130
4.160150 -1.115440 12.748530
4.102700 -1.833530 11.886820
3.987800 -1.316500 11.925110
3.853760 -0.301600 12.260220
3.796310 -0.933520 12.288950
3.978230 -2.235660 12.346400
4.169720 -2.637790 12.978320
4.313340 -2.072890 13.208110
4.399510 -1.086710 13.074060
4.523980 -1.010120 12.853850
4.696320 -3.078220 12.767680
4.906960 -4.399510 12.528310
4.811220 -3.777160 12.566610
4.610150 -3.499500 12.920870
4.504830 -4.255890 12.547460
4.495260 -4.744190 11.618730
4.447380 -5.002710 10.412330
3.834610 -5.366540 8.995300
2.618640 -6.218680 8.143160
1.728210 -5.921870 8.200610
1.278200 -4.906960 7.865500
0.751600 -3.633550 6.994220
-0.713300 -2.551620 6.046330
-2.206940 -2.168640 5.356970
-2.695240 -2.379280 4.763340
-2.666510 -2.475020 3.901630
-3.078220 -1.412250 2.896300
-4.102700 -0.761180 2.005870
-4.820790 -0.617560 1.460120
-4.983560 -0.627130 1.259050
-5.031430 -0.167550 0.923950
-5.213350 0.119680 0.397340
-5.577180 0.416490 -0.177130
-5.902720 0.761180 -0.579260
-6.075060 0.971820 -1.057990
-6.151650 1.163310 -1.488840
-5.902720 1.125010 -1.632460
-5.768670 1.125010 -1.996300
-6.333570 1.259050 -2.072890
-6.821870 1.766510 -2.312260
-7.109110 2.647370 -3.087800
-7.118690 3.135670 -3.729290
-6.793150 3.384610 -4.016530
-6.898470 3.595250 -4.313340
-7.501670 3.805890 -4.523980
-7.520820 4.169720 -4.313340
-7.070810 4.370790 -4.294190
-6.774000 4.725050 -4.667600
-7.147410 5.194200 -4.935690
-7.769760 5.251650 -4.705900
-7.769760 4.801640 -4.294190
-7.128260 4.667600 -4.658020
-6.984640 5.289940 -5.270800
-7.530390 6.888900 -5.433560
-8.200610 8.420830 -5.318670
-8.133590 8.621890 -4.849520
-7.922950 7.980400 -4.801640
-7.989970 8.392100 -5.098450
-8.028270 9.397430 -4.629300
-8.047420 9.311260 -3.844190
-7.942100 7.827200 -3.825040
-7.741030 6.266550 -3.834610
-7.731460 5.653780 -3.556950
-7.645290 5.414410 -2.925030
