-7.147410 5.663350 -2.360130
-7.252730 5.692080 -2.484600
-7.300600 5.605900 -2.542050
-7.329330 5.586760 -2.618640
-7.501670 5.730370 -2.743110
-7.769760 6.113360 -2.992050
-7.951670 6.592080 -3.422910
-7.932520 6.821870 -3.767590
-8.047420 7.080390 -4.332490
-8.430400 7.377200 -4.782490
-8.612320 7.396350 -5.414410
-8.401680 7.769760 -6.036760
-8.315510 8.277210 -6.094210
-8.334650 8.372950 -6.285700
-8.344230 8.449550 -6.764430
-8.219760 8.372950 -6.687830
-7.913370 7.903800 -6.362300
-7.597410 7.070810 -6.132510
-7.453800 6.113360 -6.075060
-7.415500 5.318670 -5.653780
-7.176130 4.916540 -5.232500
-6.888900 4.552700 -4.696320
-6.611230 4.064400 -3.987800
-6.209100 3.489930 -3.623970
-5.902720 3.135670 -3.078220
-5.596330 2.685660 -1.843100
-5.050580 2.120770 -0.761180
-4.437810 1.603740 0.052660
-3.825040 1.297350 0.866500
-3.298440 1.239910 1.077140
-2.733540 0.981390 0.962240
-2.245230 0.694160 1.431400
-1.527140 0.205850 2.599490
-0.655860 -0.521810 3.518650
-0.129260 -0.780330 4.102700
-0.110110 -0.473940 4.370790
-0.215430 -0.627130 4.744190
0.885650 -1.699480 5.433560
2.331410 -3.106940 6.659110
2.944180 -3.978230 8.133590
2.187790 -4.562280 9.177220
1.584590 -4.495260 9.799560
1.718630 -3.432480 10.508080
1.900550 -2.379280 11.800650
1.354800 -2.254810 12.432570
0.856920 -2.446300 12.614480
1.019690 -2.944180 12.633630
1.364370 -3.346310 12.719800
1.440970 -3.164390 13.428320
1.259050 -2.149490 13.763430
1.086710 -1.910120 13.916620
1.364370 -2.628220 13.658110
1.440970 -3.308010 13.121940
1.220760 -3.480350 12.671930
1.354800 -3.106940 12.796400
1.469690 -3.078220 13.150660
1.507990 -3.442050 13.361300
1.527140 -3.576100 13.351730
1.642040 -3.614400 13.533640
1.594160 -3.623970 13.658110
1.364370 -3.758010 13.457050
1.479270 -4.064400 13.466620
1.699480 -4.208020 13.466620
1.440970 -3.978230 13.370870
1.077140 -3.987800 13.227250
1.134590 -4.361210 12.873000
1.287780 -4.562280 12.355970
1.067560 -4.629300 11.714480
0.713300 -4.839940 11.120850
0.627130 -5.280370 10.527230
0.636710 -5.835700 10.412330
0.742030 -5.605900 10.239990
0.598410 -5.127180 9.952760
0.397340 -4.839940 9.196370
-0.138830 -4.399510 8.133590
-1.077140 -3.815460 7.233580
-1.996300 -3.451630 6.706980
-2.379280 -2.762260 6.055910
-2.810130 -1.661190 5.462290
-3.384610 -0.703730 4.811220
-3.949510 -0.550540 4.141000
-3.997380 -0.311170 3.365460
-4.246320 0.732450 2.465450
-5.050580 1.335650 1.747360
-5.749520 1.029270 1.383520
-5.615480 0.694160 1.077140
-5.577180 1.182460 0.818620
-5.625050 1.871830 0.627130
-5.749520 2.465450 0.196280
-6.055910 3.059070 -0.550540
-6.295270 3.470780 -1.125010
-6.391020 3.547370 -1.565440
-6.343150 3.260140 -1.929270
-6.314420 3.288860 -2.350550
-6.477190 3.892060 -2.762260
-6.687830 4.523980 -3.001620
-6.793150 5.002710 -3.317590
-6.745280 4.696320 -3.489930
-6.400590 4.705900 -3.585670
-6.209100 5.069730 -3.719720
-6.218680 5.242070 -3.777160
-6.304850 5.510160 -3.892060
-6.314420 5.720800 -3.892060
-6.324000 6.094210 -3.834610
-6.400590 6.486770 -3.997380
-6.314420 6.304850 -4.035680
-6.228250 6.419740 -4.112270
-6.122930 6.572940 -4.093120
-5.950590 7.080390 -3.662270
-5.759100 7.855930 -3.710140
-5.768670 8.363380 -3.853760
-5.711230 8.679340 -4.141000
-5.414410 8.851680 -4.428230
-5.309090 9.531480 -4.466530
-5.433560 10.450630 -4.380360
