-8.803810 3.327160 0.473940
-8.650620 2.934600 0.368620
-8.727210 2.972900 0.167550
-8.794230 3.106940 0.119680
-8.966580 3.327160 0.100530
-8.842110 3.432480 0.062230
-8.717640 3.509080 -0.062230
-8.909130 3.566520 -0.359050
-9.416580 3.738870 -0.531390
-9.665520 4.016530 -0.330320
-9.550620 4.284620 -0.157980
-9.301690 4.562280 -0.416490
-9.445300 4.830370 -0.636710
-9.818710 4.868660 -0.493090
-9.799560 5.021860 -0.406920
-9.397430 5.251650 -0.598410
-9.110190 5.175050 -0.655860
-9.311260 4.801640 -0.426070
-9.684670 4.696320 -0.454790
-9.474030 4.705900 -0.215430
-9.004870 4.342060 0.215430
-8.641040 3.748440 0.588840
-8.947430 3.537800 0.560110
-9.330410 3.451630 0.847350
-9.244240 2.896300 1.259050
-8.813380 2.312260 1.402670
-8.526150 2.025020 1.345230
-8.755940 1.804800 1.383520
-8.784660 1.795230 1.603740
-8.334650 1.670760 1.852680
-7.817630 1.115440 2.034590
-7.683580 0.818620 2.273960
-7.319750 0.454790 2.848430
-6.668680 -0.004790 3.049500
-6.170800 -0.100530 2.963330
-5.864420 -0.100530 3.020770
-5.586760 -0.253730 3.260140
-5.021860 -0.378200 3.528230
-4.466530 -0.713300 3.892060
-3.662270 -1.249480 4.476110
-2.503750 -1.642040 5.031430
-1.345230 -2.695240 5.318670
-0.885650 -3.106940 5.261220
-0.301600 -3.489930 5.806970
0.751600 -3.700570 6.458040
1.517570 -3.480350 6.898470
1.709060 -4.188870 7.358050
1.383520 -5.031430 7.243150
1.230330 -4.571850 7.204860
1.670760 -2.628220 8.095290
1.910120 -1.709060 9.292110
2.417580 -2.465450 9.914460
3.039920 -3.451630 9.818710
3.059070 -3.240990 9.703820
2.896300 -2.685660 9.895310
3.298440 -3.317590 11.005960
3.451630 -3.729290 11.522980
3.059070 -4.533550 11.762350
3.346310 -5.500590 12.547460
2.877160 -4.658020 11.484690
2.599490 -3.413330 10.757020
2.896300 -4.073980 10.804890
3.087800 -4.514410 11.082550
2.886730 -3.231410 11.503840
2.551620 -2.408000 11.858090
2.542050 -2.915450 11.082550
2.475020 -2.752690 10.220840
2.637790 -3.298440 10.421910
2.752690 -3.250560 10.833610
2.609070 -2.647370 10.948510
2.522900 -2.915450 10.833610
2.810130 -3.470780 10.259140
2.685660 -3.442050 10.086800
2.522900 -3.815460 10.622970
2.599490 -3.930360 11.408090
3.049500 -3.939930 11.618730
3.442050 -3.595250 11.341070
3.566520 -4.964410 10.354890
3.978230 -7.137830 9.052750
4.399510 -7.415500 8.631470
4.514410 -6.812300 9.129340
3.643120 -7.051660 9.091040
1.689910 -7.530390 8.602740
1.038840 -6.898470 8.191040
1.364370 -4.859090 7.769760
0.483520 -4.313340 7.769760
-1.364370 -5.644200 7.894220
-2.427150 -5.041010 6.458040
-3.087800 -3.825040 5.462290
-3.595250 -3.643120 5.021860
-4.485680 -3.068650 4.351640
-5.653780 -2.360130 3.805890
-6.525060 -1.852680 3.116520
-6.553790 -1.862250 2.656940
-6.343150 -0.923950 2.379280
-6.496340 0.473940 1.862250
-7.271880 1.814380 1.019690
-7.951670 1.986720 0.464370
-7.817630 1.038840 0.263300
-6.783580 0.646280 0.416490
-6.180380 1.048410 0.483520
-6.630380 2.350550 0.234580
-7.233580 3.662270 -0.004790
-7.492090 3.939930 -0.081380
-7.597410 3.662270 -0.550540
-7.492090 3.422910 -0.761180
-7.463370 3.240990 -0.866500
-7.712310 3.422910 -1.278200
-7.894220 4.188870 -1.584590
-8.056990 4.820790 -1.785660
-8.037840 4.964410 -1.996300
-8.143160 4.897390 -1.986720
-8.325080 5.251650 -1.938850
-8.382530 5.692080 -2.111190
-8.210190 5.778250 -2.484600
