-8.392100 3.221840 0.244150
-8.439980 3.269710 0.148410
-8.554870 3.614400 0.244150
-8.650620 3.892060 0.349470
-8.631470 3.748440 0.320750
-8.545290 3.537800 0.205850
-8.545290 3.489930 0.100530
-8.593170 3.576100 0.081380
-8.736790 3.652690 -0.100530
-8.832530 3.662270 -0.215430
-8.822960 3.652690 -0.292020
-8.803810 3.643120 -0.531390
-8.937850 3.882480 -0.866500
-9.445300 4.045250 -1.086710
-9.722970 4.102700 -1.201610
-9.541050 4.447380 -1.536720
-9.320830 4.523980 -1.689910
-9.464450 4.322910 -1.412250
-10.000630 4.466530 -1.469690
-10.259140 4.485680 -1.450550
-10.067650 4.399510 -1.642040
-9.789990 4.016530 -1.862250
-9.435730 3.308010 -1.507990
-9.378280 3.193120 -1.057990
-9.445300 3.154820 -0.761180
-9.550620 3.231410 -0.675010
-9.292110 3.059070 -0.320750
-8.803810 2.944180 0.014360
-8.602740 2.896300 0.090960
-8.698490 2.494170 0.426070
-8.420830 1.766510 1.086710
-7.922950 1.613310 1.220760
-7.530390 2.005870 1.278200
-7.252730 2.005870 1.613310
-6.687830 1.316500 2.312260
-5.816550 0.598410 2.953750
-5.299520 0.847350 3.576100
-4.667600 0.732450 4.495260
-3.777160 0.052660 5.194200
-3.327160 -0.043090 5.270800
-3.547370 -0.033510 5.261220
-3.394180 -0.914370 6.122930
-2.312260 -1.747360 6.802730
-1.670760 -1.220760 7.214430
-2.379280 -0.646280 7.616560
-3.901630 -0.550540 7.970820
-4.188870 -1.048410 8.382530
-2.829280 -1.335650 8.487850
-2.063320 -1.594160 8.497420
-2.551620 -1.958000 8.267630
-2.743110 -1.709060 8.248480
-0.962240 -0.703730 9.205940
1.239910 0.000000 10.230420
2.484600 -1.172880 10.852760
2.475020 -2.886730 9.722970
3.087800 -3.154820 9.225090
4.705900 -0.914370 10.584680
5.462290 -0.416490 11.599580
5.002710 -1.852680 10.986810
4.504830 -3.576100 10.307010
3.949510 -3.470780 9.742120
3.547370 -1.038840 10.737870
2.848430 0.655860 11.695330
2.637790 -0.052660 11.197450
3.059070 -2.235660 10.575100
3.183540 -2.465450 10.163400
2.551620 0.167550 10.536800
2.408000 0.837770 11.245320
2.781410 -0.866500 10.201690
2.953750 -1.575020 9.474030
2.561200 -0.225000 10.038930
2.302680 0.387770 10.498510
2.522900 -0.780330 10.565530
2.838860 -1.153730 10.632550
3.011200 -0.071810 11.312340
3.461200 0.330320 12.059160
3.911210 -0.923950 11.915540
3.930360 -2.369700 11.570860
4.064400 -2.025020 11.321920
3.997380 -0.665430 11.637880
4.035680 -0.962240 11.867670
3.193120 -3.489930 10.622970
1.996300 -4.954840 9.943180
1.536720 -4.485680 10.718720
2.360130 -3.518650 11.494260
2.542050 -2.858010 10.498510
0.473940 -3.576100 9.138920
-1.699480 -4.447380 8.708060
-2.101620 -3.968660 8.995300
-0.694160 -2.743110 9.282540
-0.435640 -1.948420 8.468700
-3.078220 -2.187790 7.415500
-5.471860 -2.637790 6.668680
-5.730370 -1.967570 6.170800
-4.552700 -1.335650 5.711230
-3.901630 -0.914370 5.289940
-4.552700 -0.119680 4.322910
-6.017610 -0.148410 3.853760
-6.285700 -1.029270 3.585670
-5.548460 -1.048410 2.905880
-5.289940 -0.110110 1.795230
-5.711230 0.502660 1.163310
-6.668680 1.220760 0.607980
-7.606990 1.728210 0.512240
-7.693160 2.111190 0.445220
-7.089960 2.226090 0.272870
-6.783580 2.427150 -0.225000
-7.243150 2.743110 -0.665430
-7.674010 3.068650 -0.780330
-7.836780 3.470780 -0.943090
-7.702730 3.805890 -1.239910
-7.606990 3.786740 -1.584590
-7.664440 3.585670 -1.919700
-7.903800 3.394180 -2.360130
-7.760180 3.221840 -2.187790
