-8.650620 2.475020 1.354800
-8.353800 2.427150 1.536720
-8.296360 2.168640 1.986720
-8.286780 2.015450 2.235660
-8.152740 1.852680 2.226090
-7.951670 1.814380 2.082470
-7.674010 1.584590 2.063320
-7.626140 1.393100 2.226090
-7.645290 1.057990 2.436730
-7.434650 0.809050 2.513320
-6.946340 0.809050 2.465450
-6.630380 0.627130 2.522900
-6.668680 0.368620 2.781410
-6.754850 -0.004790 3.020770
-6.793150 -0.339900 3.375030
-6.352720 -0.397340 3.825040
-5.854840 -0.244150 4.409090
-5.605900 -0.215430 5.146330
-5.203770 -0.540960 5.596330
-4.466530 -1.201610 5.845270
-3.987800 -1.345230 6.103780
-3.978230 -1.326080 6.400590
-3.719720 -1.843100 6.438890
-3.394180 -2.264380 6.094210
-3.068650 -2.053740 6.132510
-2.800560 -1.718630 6.735700
-2.532470 -1.996300 7.319750
-2.226090 -2.369700 7.520820
-1.996300 -2.235660 7.367620
-1.747360 -1.890980 7.233580
-1.622890 -1.642040 7.319750
-1.488840 -1.651610 7.674010
-1.498420 -1.603740 7.386770
-0.962240 -1.498420 7.080390
-0.349470 -1.843100 6.917620
-0.330320 -2.283530 6.927190
-0.177130 -2.475020 7.434650
-0.033510 -2.542050 7.539970
0.598410 -1.852680 8.957000
1.192030 1.048410 11.331490
0.196280 3.193120 11.810220
0.282450 2.714390 11.427240
0.962240 0.186700 9.962330
1.345230 -2.321830 8.631470
1.986720 -3.106940 9.359130
2.206940 -1.153730 11.120850
2.273960 0.684580 12.001710
2.570770 0.081380 12.087880
2.695240 -1.479270 10.843190
2.647370 -2.858010 10.661270
2.810130 -3.662270 11.944260
2.934600 -4.303770 13.016610
2.522900 -2.187790 12.164480
2.235660 0.359050 11.455960
2.187790 -0.014360 10.977230
2.513320 -1.249480 11.025110
2.656940 -2.302680 11.886820
2.743110 -1.747360 11.838940
2.551620 -0.646280 11.484690
2.321830 -0.330320 10.584680
2.273960 -1.201610 10.287870
2.321830 -2.417580 10.546380
2.360130 -1.814380 10.747440
2.321830 -1.192030 11.120850
2.302680 -1.335650 10.929360
2.302680 -2.092040 10.354890
2.379280 -2.829280 10.058080
2.197360 -3.068650 10.077230
1.929270 -2.542050 9.991050
1.651610 -2.044170 9.502750
1.259050 -2.254810 9.091040
0.866500 -3.231410 9.474030
0.837770 -4.160150 10.144250
1.086710 -3.671840 10.508080
1.038840 -3.135670 10.421910
0.569690 -2.963330 9.914460
0.263300 -3.068650 9.387860
0.148410 -3.451630 9.282540
0.129260 -3.805890 9.186790
0.119680 -3.872910 8.870830
-0.167550 -3.738870 8.593170
-0.962240 -3.576100 8.526150
-1.297350 -3.250560 8.564440
-1.594160 -3.183540 8.181460
-1.977150 -3.748440 7.539970
-2.446300 -3.930360 6.525060
-2.992050 -3.499500 6.324000
-3.681420 -2.513320 6.812300
-3.413330 -1.967570 7.405920
-3.279290 -2.226090 7.176130
-3.805890 -3.011200 6.276120
-4.552700 -2.551620 5.337820
-4.993130 -1.871830 5.041010
-5.146330 -1.364370 5.280370
-4.973980 -1.211180 5.395260
-6.094210 -1.019690 4.686750
-6.946340 -1.756930 4.619720
-6.563360 -1.986720 4.638870
-5.941020 -0.904800 4.696320
-6.122930 -0.129260 4.265470
-6.965490 0.339900 3.901630
-7.511240 -0.004790 3.327160
-7.616560 -0.090960 2.905880
-7.291030 0.100530 3.154820
-7.243150 0.512240 2.628220
-8.009120 1.421820 1.565440
-8.593170 1.996300 1.469690
-8.554870 1.929270 1.354800
-8.277210 1.613310 1.220760
-7.894220 1.507990 1.153730
-7.836780 1.642040 1.010120
-8.152740 1.910120 0.694160
-8.286780 2.398430 0.167550
-8.152740 2.618640 -0.167550
-7.654860 2.551620 -0.014360
