-9.225090 4.236740 0.435640
-9.138920 3.671840 0.378200
-8.928280 3.949510 0.186700
-8.775080 4.236740 0.330320
-8.583590 3.786740 0.694160
-8.420830 3.068650 1.067560
-8.152740 2.379280 1.507990
-8.076140 1.977150 1.393100
-7.961250 1.862250 1.383520
-7.932520 2.704810 1.383520
-7.539970 2.494170 1.651610
-7.300600 1.594160 1.527140
-7.051660 0.971820 1.680340
-6.946340 0.885650 1.996300
-7.003790 1.192030 2.494170
-7.166560 1.048410 2.379280
-7.089960 0.952670 2.360130
-6.774000 0.780330 2.676090
-6.984640 0.426070 2.676090
-7.061240 0.205850 3.231410
-6.668680 0.406920 3.805890
-6.228250 0.512240 3.930360
-5.730370 -0.157980 3.614400
-5.462290 -0.732450 3.288860
-5.347390 -1.010120 3.710140
-5.155900 -1.259050 4.562280
-4.772920 -1.431400 4.887810
-4.198450 -1.642040 5.108030
-3.585670 -2.790980 5.299520
-3.279290 -3.671840 5.605900
-3.106940 -4.150570 6.113360
-2.848430 -3.920780 6.496340
-2.637790 -3.193120 6.841020
-2.379280 -3.920780 7.003790
-2.283530 -5.069730 6.630380
-2.063320 -4.782490 6.860170
-1.718630 -3.805890 7.712310
-1.632460 -3.758010 8.229340
-1.029270 -4.705900 8.124010
-0.607980 -4.954840 7.970820
-0.349470 -4.811220 8.392100
-0.416490 -4.150570 8.641040
-0.253730 -4.303770 8.631470
0.043090 -4.734620 8.842110
0.502660 -4.112270 9.952760
0.560110 -3.078220 10.441060
0.627130 -2.810130 10.613400
1.096290 -3.786740 10.374040
1.699480 -4.409090 10.508080
2.034590 -4.006950 10.747440
1.852680 -4.179300 10.862340
1.709060 -4.811220 10.508080
1.833530 -4.964410 10.029350
1.699480 -4.629300 10.354890
1.536720 -3.528230 10.718720
1.613310 -3.001620 10.795320
1.603740 -3.815460 10.364460
1.718630 -4.409090 9.818710
1.890980 -4.093120 10.086800
1.852680 -3.461200 10.412330
1.833530 -3.413330 10.498510
1.680340 -4.006950 10.172970
1.651610 -4.658020 10.393190
1.651610 -5.069730 10.565530
1.661190 -4.600580 10.804890
1.737780 -4.169720 10.584680
1.460120 -4.322910 10.019780
1.096290 -5.366540 9.684670
0.713300 -6.841020 9.502750
0.426070 -6.965490 8.880400
-0.081380 -6.161230 9.177220
-0.167550 -5.529310 9.569770
-0.426070 -5.098450 8.928280
-1.383520 -5.194200 8.286780
-2.503750 -5.605900 7.798480
-2.570770 -5.500590 7.645290
-2.034590 -4.619720 7.444220
-2.867580 -4.926110 6.630380
-3.815460 -5.021860 6.362300
-3.853760 -4.916540 6.458040
-3.614400 -5.031430 6.515490
-3.729290 -4.275040 6.218680
-4.351640 -3.384610 5.778250
-5.385690 -3.365460 4.658020
-6.103780 -3.863340 3.710140
-5.711230 -4.045250 4.294190
-5.108030 -3.987800 4.792070
-5.356970 -3.518650 4.677170
-5.931440 -3.260140 4.705900
-6.008040 -3.078220 4.131420
-5.893140 -2.628220 3.518650
-6.237830 -2.005870 2.877160
-6.994220 -1.843100 2.580340
-7.606990 -1.498420 2.360130
-7.760180 -0.789900 2.321830
-7.482520 -0.129260 2.714390
-7.338900 0.761180 2.503750
-7.559120 1.163310 2.168640
-8.076140 1.172880 1.871830
-8.286780 1.326080 1.316500
-8.171890 1.402670 1.249480
-7.788900 1.507990 1.507990
-7.492090 1.393100 1.651610
-7.731460 1.584590 1.479270
-8.162310 2.005870 0.885650
-8.468700 2.599490 0.301600
-8.238910 2.484600 0.406920
-7.760180 1.651610 0.866500
-8.152740 1.373950 0.809050
-8.641040 1.871830 0.607980
-8.918700 2.637790 0.292020
-8.717640 2.982480 -0.129260
-8.344230 2.925030 -0.148410
-8.344230 3.068650 -0.110110
-8.755940 3.317590 0.110110
