-8.861260 5.088880 -2.781410
-9.100620 5.309090 -2.925030
-9.311260 5.414410 -2.944180
-9.234660 5.644200 -2.819710
-9.062320 6.122930 -2.963330
-9.071900 6.381440 -3.145240
-9.205940 6.122930 -3.106940
-9.091040 5.739950 -2.934600
-8.842110 5.720800 -2.934600
-8.746360 5.739950 -3.011200
-8.813380 5.864420 -2.944180
-9.033600 5.759100 -2.762260
-8.985730 5.395260 -2.388850
-8.660190 5.356970 -2.417580
-8.430400 5.146330 -2.427150
-8.468700 4.811220 -2.139910
-8.430400 4.514410 -1.594160
-8.191040 4.160150 -1.249480
-7.961250 3.959080 -1.182460
-7.884650 3.853760 -1.220760
-7.903800 3.547370 -0.761180
-7.779330 3.087800 -0.311170
-7.425070 2.580340 -0.196280
-7.042090 2.187790 -0.004790
-6.793150 1.833530 0.234580
-6.582510 1.373950 0.655860
-6.391020 0.990970 1.067560
-6.151650 0.636710 1.306930
-5.835700 0.368620 1.450550
-5.615480 0.023940 1.546290
-5.184620 -0.914370 1.986720
-5.002710 -1.785660 2.427150
-5.031430 -2.254810 2.838860
-5.146330 -2.264380 2.752690
-5.366540 -2.350550 2.743110
-4.342060 -2.963330 3.671840
-2.551620 -3.528230 4.916540
-1.938850 -3.719720 5.251650
-2.589920 -3.643120 4.973980
-2.838860 -3.489930 4.543130
-2.187790 -3.786740 4.361210
-0.856920 -4.026100 5.280370
0.521810 -3.987800 6.553790
1.211180 -4.389940 7.185710
1.517570 -4.083550 7.243150
2.120770 -3.461200 7.626140
2.867580 -2.264380 8.621890
3.164390 -0.971820 9.598500
2.953750 0.014360 9.742120
3.355880 -0.646280 10.201690
3.834610 -2.025020 10.795320
3.959080 -3.403760 11.542130
3.451630 -3.518650 11.896390
3.997380 -2.666510 14.117690
3.039920 -2.561200 12.767680
2.819710 -2.417580 11.044250
3.135670 -1.728210 11.111280
3.106940 -1.460120 12.059160
3.432480 -2.005870 12.595330
3.796310 -2.666510 12.987890
3.595250 -2.580340 12.451720
3.480350 -1.747360 11.896390
3.231410 -1.680340 11.886820
3.327160 -2.781410 11.733620
3.547370 -2.992050 11.590010
3.576100 -2.810130 11.877240
3.394180 -3.020770 12.193200
3.509080 -3.442050 12.183630
3.882480 -3.882480 12.250650
3.892060 -3.786740 12.049580
3.690990 -2.934600 12.078310
3.719720 -3.049500 12.135760
3.662270 -4.284620 11.733620
3.288860 -4.964410 11.149580
3.489930 -4.772920 11.417660
3.547370 -4.696320 11.264470
3.662270 -5.127180 10.632550
3.566520 -5.711230 9.722970
3.365460 -5.787820 9.244240
3.183540 -5.720800 8.880400
2.580340 -5.376120 8.248480
1.632460 -4.839940 7.597410
0.502660 -4.954840 7.233580
-0.531390 -4.983560 7.080390
-1.163310 -4.093120 6.678260
-1.718630 -2.551620 5.988890
-2.532470 -1.871830 5.136750
-3.710140 -2.302680 4.753770
-4.591000 -2.475020 4.083550
-5.155900 -1.833530 3.566520
-5.165480 -1.565440 3.049500
-5.203770 -1.230330 2.503750
-5.529310 -1.096290 2.321830
-5.988890 -1.096290 1.929270
-6.199530 -0.856920 1.680340
-6.362300 -0.234580 1.211180
-6.659110 0.157980 1.172880
-6.563360 -0.339900 1.249480
-6.438890 -0.473940 0.646280
-7.185710 0.062230 -0.110110
-8.028270 0.847350 -0.157980
-8.104870 1.163310 -0.129260
-7.817630 1.000540 -0.244150
-7.587840 1.057990 -0.607980
-7.865500 1.230330 -1.134590
-8.669760 1.680340 -1.460120
-9.129340 2.542050 -1.297350
-9.052750 2.915450 -1.038840
-8.660190 2.015450 -0.722880
-8.238910 0.809050 -0.483520
-8.200610 1.354800 -0.521810
-8.497420 2.589920 -0.569690
-8.755940 3.777160 -1.163310
-8.937850 4.629300 -1.986720
-9.052750 5.414410 -2.819710
