-4.906960 5.127180 -6.975070
-5.041010 5.184620 -6.994220
-5.060160 5.289940 -6.888900
-4.954840 5.299520 -6.841020
-5.127180 5.510160 -7.195280
-5.251650 5.462290 -7.425070
-5.175050 5.414410 -7.961250
-4.744190 5.864420 -9.292110
-4.658020 6.371870 -10.297440
-5.050580 6.477190 -10.690000
-4.945260 6.869750 -11.666600
-5.309090 7.989970 -12.442140
-5.127180 8.727210 -13.131510
-5.041010 8.382530 -13.141090
-4.753770 7.616560 -13.035760
-4.208020 7.329330 -13.121940
-4.150570 7.587840 -13.007040
-4.179300 7.913370 -12.490010
-4.016530 7.166560 -11.245320
-3.604820 5.529310 -10.192120
-3.212260 4.169720 -8.813380
-2.848430 3.566520 -8.171890
-2.532470 3.221840 -8.066570
-2.254810 2.302680 -6.247400
-1.747360 0.770750 -3.997380
-1.804800 -0.330320 -2.561200
-1.651610 -0.196280 -1.776080
-1.278200 0.454790 -1.010120
-0.426070 0.445220 -0.110110
0.129260 0.378200 0.129260
0.186700 0.272870 0.004790
-0.138830 0.244150 -0.359050
0.397340 0.100530 0.330320
2.637790 -0.416490 -0.330320
6.103780 -1.306930 -0.416490
9.043170 -0.464370 2.005870
10.642120 2.053740 3.643120
12.355970 3.499500 6.544210
13.246400 5.232500 10.680420
12.633630 5.672930 16.856010
9.531480 2.532470 19.594340
6.333570 -6.994220 19.584760
-0.837770 -4.236740 13.782580
4.054830 -2.551620 12.853850
3.729290 0.368620 14.567690
3.623970 6.228250 14.835780
1.000540 7.674010 15.237910
-0.828200 5.356970 15.228340
2.953750 1.632460 17.621980
4.667600 0.742030 18.780500
4.294190 1.460120 19.259230
3.260140 4.093120 19.498590
2.618640 5.471860 19.594340
2.312260 3.853760 19.278380
2.446300 1.977150 17.794320
3.336730 1.134590 17.325170
4.246320 1.057990 17.018780
4.571850 1.297350 16.109200
4.093120 0.579260 15.496430
3.652690 0.138830 14.625140
3.872910 -0.225000 14.117690
4.246320 -0.119680 13.476190
4.897390 0.033510 11.953840
5.548460 -0.665430 8.602740
4.179300 -2.446300 7.109110
1.555870 -3.097370 6.630380
0.588840 -2.015450 6.841020
0.129260 -0.349470 5.768670
-0.780330 0.540960 3.825040
-2.695240 1.268630 1.910120
-3.375030 1.163310 0.742030
-3.288860 0.234580 0.675010
-3.442050 -0.579260 0.426070
-3.815460 0.000000 0.023940
-4.208020 0.952670 -0.646280
-4.523980 1.125010 -1.345230
-4.380360 1.057990 -2.159060
-4.198450 0.742030 -2.618640
-4.447380 0.454790 -3.030350
-4.887810 0.885650 -3.595250
-5.280370 1.986720 -4.380360
-5.471860 2.551620 -4.849520
-5.414410 1.977150 -5.175050
-5.663350 2.015450 -6.237830
-5.653780 2.790980 -6.984640
-5.778250 2.953750 -7.022940
-5.672930 2.867580 -7.291030
-5.414410 2.800560 -7.549540
-5.395260 2.896300 -7.626140
-5.376120 2.886730 -7.606990
-5.510160 2.561200 -7.291030
-5.443140 2.656940 -7.147410
-5.060160 3.059070 -7.109110
-5.041010 3.250560 -7.214430
-4.753770 3.355880 -7.243150
-4.562280 3.470780 -7.204860
-4.523980 3.968660 -7.386770
-4.303770 4.820790 -7.587840
-4.428230 5.376120 -8.076140
-4.160150 5.941020 -8.851680
-3.805890 6.754850 -9.895310
-3.681420 7.377200 -10.833610
-3.556950 8.305930 -11.992140
-3.576100 9.474030 -12.557040
-3.480350 10.345310 -12.604910
-4.064400 9.780410 -11.733620
-4.543130 8.899550 -10.038930
-4.437810 8.181460 -8.717640
-4.179300 6.189950 -7.903800
-4.198450 4.322910 -7.156980
-4.485680 3.805890 -6.544210
-4.792070 3.796310 -5.960160
-5.002710 3.767590 -5.596330
-5.165480 3.863340 -5.644200
-5.222920 4.073980 -5.816550
