-9.177220 5.146330 -0.627130
-9.378280 5.012280 -0.100530
-9.100620 4.303770 0.167550
-8.602740 3.738870 0.244150
-8.401680 3.422910 -0.215430
-8.478270 3.394180 -0.177130
-8.468700 3.537800 0.225000
-8.258060 3.308010 0.598410
-7.779330 2.656940 1.144160
-7.377200 2.379280 1.680340
-7.511240 2.685660 1.814380
-7.674010 2.858010 1.996300
-7.386770 2.771840 2.178210
-6.879320 2.283530 2.206940
-6.362300 1.517570 2.398430
-6.122930 0.847350 2.829280
-6.008040 0.464370 3.260140
-5.318670 0.627130 4.073980
-4.878240 0.990970 4.686750
-4.744190 0.043090 5.088880
-4.322910 -1.201610 5.213350
-3.872910 -1.306930 5.060160
-3.614400 -0.876070 5.136750
-3.298440 -1.115440 5.567610
-2.542050 -2.034590 5.931440
-1.527140 -3.394180 6.544210
-0.225000 -4.332490 7.089960
0.406920 -3.825040 7.501670
-0.033510 -2.733540 7.434650
-0.588840 -2.475020 7.137830
-0.177130 -2.838860 7.214430
0.675010 -3.078220 8.076140
1.249480 -2.982480 9.186790
1.096290 -2.800560 9.464450
1.029270 -2.599490 9.167640
1.785660 -2.283530 10.086800
2.666510 -1.833530 11.465540
2.925030 -0.914370 11.944260
3.470780 -0.684580 12.135760
4.217590 -1.967570 12.001710
4.772920 -3.221840 12.087880
4.677170 -2.570770 11.810220
4.006950 -1.948420 11.379360
4.246320 -2.340980 11.417660
4.543130 -2.484600 11.149580
4.342060 -2.609070 10.919790
4.208020 -2.149490 10.728290
4.275040 -2.178210 10.220840
3.930360 -1.747360 9.876160
3.748440 -1.211180 10.297440
3.777160 -1.153730 10.517650
3.872910 -1.910120 10.364460
3.825040 -2.340980 9.933610
3.643120 -1.651610 9.550620
3.777160 -1.182460 10.010200
3.968660 -1.440970 10.527230
3.987800 -1.575020 10.421910
3.911210 -1.211180 9.761260
3.710140 -0.225000 9.885730
3.662270 -0.876070 10.546380
3.748440 -2.005870 10.843190
4.131420 -2.063320 11.331490
4.409090 -1.718630 11.590010
4.926110 -1.479270 11.551710
4.993130 -2.685660 11.197450
4.964410 -4.830370 11.034680
5.041010 -4.820790 11.513410
5.251650 -3.087800 11.724050
5.165480 -3.059070 10.948510
4.169720 -5.481440 9.560200
2.953750 -6.965490 8.669760
2.561200 -6.151650 8.727210
2.484600 -5.395260 8.889980
1.125010 -5.289940 8.564440
-0.435640 -5.912290 8.794230
-0.990970 -5.462290 8.755940
-1.096290 -3.604820 8.497420
-1.134590 -1.977150 7.147410
-1.833530 -2.044170 5.692080
-3.394180 -2.695240 4.112270
-4.782490 -3.269710 3.844190
-4.945260 -3.451630 4.246320
-4.284620 -2.321830 4.600580
-4.169720 -0.761180 4.198450
-5.069730 0.292020 3.576100
-6.333570 0.684580 3.011200
-6.994220 -0.244150 2.723960
-6.544210 -1.268630 2.130340
-6.525060 -0.406920 1.105860
-6.850600 0.751600 1.125010
-7.003790 1.249480 1.297350
-7.769760 1.747360 0.799480
-8.171890 2.293110 0.540960
-8.076140 2.063320 0.464370
-8.028270 1.431400 0.196280
-8.018690 1.326080 0.119680
-8.315510 1.785660 0.244150
-8.545290 2.293110 0.301600
-8.631470 2.542050 0.110110
-8.612320 2.149490 -0.071810
-8.420830 1.804800 -0.023940
-8.028270 1.661190 0.330320
-8.372950 1.967570 0.071810
-9.225090 2.360130 -0.081380
-9.416580 2.609070 0.397340
-8.736790 2.063320 1.144160
-8.076140 1.201610 1.421820
-7.989970 1.852680 0.014360
-8.248480 2.877160 -2.340980
-8.660190 4.552700 -3.825040
-9.253810 7.042090 -3.547370
-10.096370 8.631470 -2.216510
-9.569770 8.382530 -1.163310
-8.468700 6.955920 -1.057990
-8.507000 5.787820 -1.239910
