-8.966580 2.484600 1.747360
-8.784660 2.609070 1.766510
-8.765510 2.704810 1.680340
-8.909130 2.618640 1.661190
-8.861260 2.408000 1.565440
-8.803810 2.599490 1.383520
-8.688910 3.039920 1.527140
-8.784660 3.145240 1.555870
-8.966580 3.173970 1.230330
-9.100620 3.231410 1.172880
-9.158070 3.059070 1.306930
-9.320830 3.403760 1.182460
-9.598500 4.246320 0.943090
-10.134670 5.069730 0.406920
-10.460210 5.471860 0.043090
-10.268720 4.878240 0.186700
-9.904880 4.265470 0.119680
-9.809140 4.782490 0.186700
-9.770840 5.797400 0.473940
-10.029350 6.324000 0.282450
-9.857010 5.739950 0.138830
-9.636790 4.983560 0.148410
-9.560200 4.648450 0.225000
-9.234660 4.284620 0.627130
-8.870830 4.514410 0.598410
-8.947430 4.294190 0.521810
-8.861260 3.480350 0.818620
-8.755940 2.944180 0.789900
-8.507000 3.106940 0.406920
-8.420830 2.886730 0.512240
-8.085720 2.254810 1.038840
-7.760180 1.785660 1.230330
-7.176130 1.182460 1.680340
-7.109110 1.661190 1.881400
-7.252730 2.120770 2.312260
-7.032510 1.632460 2.532470
-6.381440 1.086710 2.628220
-5.950590 0.914370 2.743110
-5.835700 0.426070 2.896300
-5.835700 -0.004790 3.298440
-5.567610 0.014360 3.633550
-4.715470 -0.301600 3.959080
-3.738870 -0.876070 4.543130
-3.327160 -1.201610 5.213350
-3.049500 -1.910120 5.682500
-2.178210 -3.039920 6.046330
-1.498420 -3.566520 6.103780
-1.373950 -3.643120 5.577180
-1.239910 -3.537800 5.481440
-0.483520 -3.355880 6.343150
0.330320 -3.470780 7.367620
0.521810 -3.987800 8.133590
0.694160 -4.418660 8.191040
0.435640 -3.327160 7.587840
0.062230 -2.369700 7.195280
0.119680 -2.542050 7.147410
1.373950 -3.173970 8.104870
2.111190 -2.790980 9.062320
2.168640 -2.618640 9.569770
2.484600 -2.350550 9.665520
2.829280 -2.972900 10.077230
3.202690 -4.246320 10.402760
3.030350 -4.648450 10.172970
3.202690 -4.227170 11.455960
2.800560 -4.380360 11.341070
2.503750 -4.792070 10.900640
2.599490 -4.820790 10.996380
2.408000 -3.901630 11.312340
2.484600 -3.509080 11.752770
2.743110 -3.652690 11.877240
2.858010 -3.987800 11.350640
2.685660 -4.198450 10.900640
2.570770 -4.303770 10.517650
2.666510 -4.016530 10.450630
2.522900 -3.748440 10.307010
2.436730 -4.523980 10.249570
2.455870 -5.069730 10.584680
2.609070 -4.562280 10.938940
2.666510 -3.595250 11.015530
2.551620 -3.652690 10.431480
2.245230 -4.600580 9.703820
2.369700 -5.969740 9.378280
2.628220 -5.969740 9.588920
3.135670 -4.830370 9.770840
2.695240 -4.504830 9.091040
1.795230 -5.519730 8.660190
1.412250 -6.975070 8.401680
1.814380 -6.908050 8.564440
1.756930 -5.921870 8.641040
0.579260 -5.634630 8.621890
-0.215430 -5.672930 8.018690
-0.100530 -6.237830 7.635710
0.052660 -6.400590 7.396350
-0.943090 -5.586760 7.377200
-2.283530 -4.954840 7.224010
-3.288860 -4.198450 6.103780
-3.729290 -3.298440 5.653780
-3.825040 -3.489930 5.701650
-4.418660 -3.863340 5.500590
-5.242070 -3.336730 5.127180
-5.462290 -2.283530 4.188870
-5.443140 -1.785660 3.729290
-5.443140 -1.737780 3.834610
-6.065480 -1.086710 3.384610
-7.156980 -1.297350 3.001620
-7.348470 -1.871830 2.685660
-7.176130 -1.460120 2.561200
-7.377200 0.359050 2.542050
-7.961250 1.364370 2.714390
-7.942100 1.134590 2.762260
-7.942100 1.536720 2.101620
-8.238910 1.919700 1.833530
-8.420830 1.718630 1.699480
-8.258060 1.718630 1.670760
-8.114440 2.331410 1.603740
