-6.984640 8.133590 -3.758010
-7.147410 8.459130 -3.480350
-6.936770 8.037840 -3.317590
-6.908050 7.530390 -3.758010
-7.118690 7.070810 -3.719720
-7.262300 6.534640 -3.135670
-6.793150 6.151650 -2.436730
-6.505910 6.170800 -2.273960
-6.754850 6.477190 -2.628220
-7.166560 6.438890 -2.283530
-7.051660 5.548460 -1.833530
-6.352720 4.255890 -1.134590
-5.711230 3.470780 -0.588840
-5.950590 3.269710 -0.684580
-6.352720 2.743110 -0.521810
-5.960160 2.312260 0.129260
-5.366540 2.216510 0.789900
-5.127180 2.082470 1.144160
-5.146330 1.785660 1.373950
-5.060160 1.211180 1.460120
-4.629300 0.531390 2.216510
-3.786740 -0.100530 3.106940
-3.556950 -0.387770 3.240990
-4.073980 -0.531390 3.470780
-4.284620 -0.703730 3.786740
-3.690990 -1.440970 3.987800
-2.599490 -2.455870 4.562280
-2.005870 -2.647370 5.519730
-2.245230 -2.072890 5.931440
-2.178210 -2.053740 6.352720
-1.536720 -1.948420 6.620810
-1.393100 -1.479270 6.735700
-1.057990 -2.034590 7.051660
0.196280 -2.829280 7.865500
0.837770 -2.829280 8.526150
0.607980 -1.977150 8.851680
0.196280 -1.268630 9.004870
0.761180 -1.575020 9.320830
1.737780 -1.278200 10.326160
1.804800 -0.138830 11.101700
1.603740 -0.081380 11.408090
1.843100 -1.440970 11.762350
2.025020 -2.723960 11.264470
2.264380 -3.384610 11.149580
2.015450 -3.020770 11.867670
2.264380 -2.580340 13.246400
2.197360 -2.848430 11.762350
2.034590 -3.480350 11.360220
2.350550 -3.087800 12.202780
2.360130 -2.886730 12.930440
2.321830 -3.413330 12.949590
2.379280 -3.164390 12.729380
2.484600 -2.762260 12.949590
2.503750 -3.106940 13.313430
2.408000 -3.470780 12.901720
2.350550 -3.480350 12.432570
2.302680 -3.461200 12.403840
2.130340 -3.528230 12.298520
2.149490 -3.662270 12.308100
2.187790 -3.623970 12.528310
2.340980 -3.528230 12.614480
2.149490 -3.442050 12.499590
1.929270 -3.882480 12.288950
1.632460 -4.361210 11.599580
1.661190 -4.543130 11.341070
1.699480 -4.198450 11.207020
1.201610 -4.179300 10.642120
0.675010 -5.108030 10.354890
0.694160 -5.864420 10.412330
0.962240 -5.682500 10.354890
0.617560 -5.280370 9.636790
-0.454790 -5.270800 8.650620
-1.201610 -4.945260 7.731460
-1.642040 -4.600580 7.386770
-1.823950 -4.725050 7.022940
-2.551620 -4.045250 6.448470
-3.509080 -3.470780 6.008040
-3.949510 -3.145240 5.979310
-3.777160 -3.193120 5.739950
-3.566520 -2.944180 5.165480
-3.987800 -1.766510 4.160150
-4.916540 -0.368620 3.087800
-5.711230 0.215430 2.264380
-5.969740 -0.033510 2.388850
-4.983560 -0.751600 2.589920
-4.447380 -0.540960 1.871830
-5.050580 0.540960 1.019690
-5.893140 1.651610 0.205850
-6.304850 2.273960 -0.454790
-6.352720 2.293110 -1.096290
-6.170800 1.440970 -0.885650
-5.634630 0.617560 -0.464370
-5.596330 1.086710 -1.000540
-6.324000 2.226090 -1.776080
-6.726130 3.537800 -2.044170
-6.908050 4.351640 -1.900550
-7.204860 4.839940 -1.881400
-7.463370 5.414410 -2.522900
-7.721880 5.979310 -2.723960
-7.425070 6.027190 -2.369700
-7.013370 5.912290 -2.283530
-6.821870 6.352720 -2.436730
-7.099540 6.965490 -2.551620
-7.367620 7.482520 -2.599490
-7.176130 7.645290 -2.743110
-6.582510 6.955920 -3.231410
-6.917620 6.094210 -3.604820
-7.377200 5.845270 -3.844190
-7.032510 5.969740 -3.623970
-6.285700 5.998460 -3.221840
-5.921870 5.998460 -3.135670
-6.371870 6.237830 -3.298440
-7.070810 6.764430 -3.576100
-7.281450 7.367620 -3.566520
-6.850600 7.358050 -3.509080
