-9.033600 5.165480 0.263300
-9.138920 5.175050 0.062230
-9.091040 4.916540 0.177130
-9.100620 5.270800 0.550540
-9.311260 5.510160 0.751600
-9.531480 5.395260 0.464370
-9.799560 5.050580 0.110110
-9.952760 4.753770 -0.196280
-9.847440 4.409090 0.033510
-9.454880 3.911210 0.521810
-9.272960 4.217590 0.493090
-9.464450 4.591000 0.320750
-9.435730 4.571850 0.129260
-9.407000 4.265470 -0.368620
-9.646370 3.662270 -0.703730
-9.713390 2.810130 -0.473940
-9.301690 2.360130 -0.129260
-9.014450 2.867580 -0.167550
-8.909130 3.633550 -0.014360
-8.784660 3.681420 0.435640
-8.621890 3.011200 0.569690
-8.439980 2.178210 0.742030
-8.277210 1.977150 1.077140
-8.372950 2.513320 1.421820
-8.066570 2.570770 1.756930
-7.808050 2.025020 1.622890
-7.654860 1.335650 1.823950
-7.386770 1.086710 2.149490
-7.042090 1.019690 2.350550
-6.630380 0.713300 2.398430
-6.362300 0.531390 2.484600
-6.008040 0.292020 2.829280
-5.491010 -0.301600 3.260140
-5.337820 -0.627130 3.422910
-5.385690 -0.933520 3.576100
-5.060160 -1.211180 3.710140
-4.179300 -1.651610 4.093120
-3.145240 -2.130340 4.485680
-2.187790 -2.695240 5.060160
-1.479270 -3.078220 4.954840
-0.703730 -3.221840 4.897390
0.397340 -2.465450 6.381440
0.837770 -2.120770 7.875080
-0.023940 -2.953750 7.214430
0.081380 -3.039920 6.467620
0.933520 -2.053740 6.381440
0.713300 -1.661190 6.735700
-0.081380 -2.417580 7.032510
-0.119680 -3.059070 6.754850
-0.043090 -3.087800 6.592080
0.244150 -2.685660 7.951670
0.320750 -1.431400 9.627220
0.090960 -0.914370 10.048500
1.192030 -1.919700 10.402760
2.264380 -3.623970 11.025110
2.877160 -5.251650 12.174050
2.542050 -4.878240 12.442140
2.676090 -3.633550 12.700650
2.427150 -4.073980 12.480440
2.312260 -5.031430 12.001710
2.312260 -4.409090 11.829370
2.283530 -3.240990 11.972990
2.283530 -3.279290 12.308100
2.283530 -4.083550 12.241080
2.187790 -3.930360 11.503840
2.254810 -3.614400 10.910210
2.101620 -4.141000 10.824040
1.938850 -4.485680 10.967660
2.005870 -3.901630 10.900640
2.044170 -3.365460 10.938940
1.958000 -3.920780 11.092130
1.890980 -4.045250 11.130430
2.159060 -3.585670 11.618730
2.436730 -3.442050 12.078310
2.656940 -3.987800 12.365540
2.206940 -4.198450 11.867670
1.871830 -4.725050 11.331490
1.967570 -4.820790 10.747440
2.120770 -5.242070 10.354890
1.958000 -5.893140 10.201690
1.048410 -6.218680 9.885730
0.751600 -6.256970 9.617650
0.761180 -5.452710 8.966580
0.742030 -4.772920 7.922950
0.292020 -5.998460 7.300600
-0.713300 -6.783580 6.563360
-1.680340 -6.199530 6.055910
-1.737780 -4.811220 6.697400
-1.718630 -3.145240 6.668680
-2.475020 -2.829280 5.816550
-3.461200 -2.235660 4.571850
-3.949510 -2.551620 3.815460
-4.265470 -2.982480 3.336730
-3.911210 -2.159060 4.073980
-3.825040 -1.479270 3.796310
-5.213350 -2.685660 3.154820
-5.960160 -2.168640 3.355880
-5.759100 0.397340 2.408000
-6.199530 1.067560 1.785660
-5.854840 -0.359050 1.077140
-6.391020 -2.111190 0.435640
-7.224010 -2.666510 0.014360
-7.022940 -0.349470 -0.426070
-6.917620 1.105860 -1.086710
-7.176130 1.517570 -1.584590
-7.884650 1.900550 -1.900550
-8.344230 2.475020 -2.226090
-7.932520 2.752690 -2.044170
-6.936770 1.948420 -1.881400
-6.525060 1.833530 -2.293110
-6.898470 2.647370 -2.695240
-6.927190 3.901630 -2.034590
-6.477190 5.165480 -1.689910
-6.668680 5.270800 -1.278200
-6.812300 4.064400 -1.776080
