-8.545290 2.972900 1.689910
-8.641040 2.963330 1.670760
-8.746360 2.743110 1.737780
-8.708060 2.618640 1.632460
-8.803810 2.790980 1.373950
-8.995300 3.078220 1.211180
-9.052750 3.183540 1.278200
-9.148490 3.068650 1.297350
-9.292110 3.212260 1.326080
-9.349560 3.499500 1.211180
-9.339980 3.643120 1.038840
-9.416580 3.844190 1.038840
-9.579350 4.121850 0.828200
-9.646370 4.073980 0.742030
-9.847440 4.198450 0.493090
-10.125100 4.648450 0.263300
-10.316590 4.993130 -0.483520
-10.182540 5.768670 -1.029270
-10.010200 6.218680 -0.713300
-10.038930 5.979310 -0.320750
-10.000630 6.084630 -0.397340
-10.000630 6.726130 -0.531390
-10.038930 6.898470 -0.311170
-9.981480 6.400590 -0.445220
-9.837860 5.471860 -0.416490
-9.962330 4.658020 -0.148410
-9.924030 4.629300 -0.110110
-9.426150 4.456960 -0.349470
-8.957000 3.825040 -0.282450
-8.717640 3.442050 -0.138830
-8.401680 3.221840 0.359050
-7.760180 2.743110 0.914370
-7.118690 2.216510 1.278200
-6.726130 2.063320 1.488840
-6.352720 1.680340 1.642040
-5.778250 1.048410 1.527140
-5.175050 0.445220 1.479270
-4.581430 0.100530 1.613310
-3.595250 -0.225000 2.273960
-2.475020 -0.703730 2.838860
-1.661190 -0.588840 3.106940
-0.780330 -0.713300 3.662270
0.502660 -1.651610 4.064400
1.986720 -1.929270 4.083550
3.106940 -1.958000 4.715470
4.485680 -2.733540 5.988890
5.768670 -2.417580 6.486770
7.003790 -2.178210 7.539970
7.262300 -2.302680 8.727210
6.860170 -1.737780 9.780410
6.505910 -1.823950 11.226170
5.136750 -4.820790 12.758100
2.963330 -7.051660 14.720890
1.431400 -5.098450 13.619810
1.498420 -2.044170 12.298520
1.814380 -0.435640 12.499590
2.044170 -1.919700 13.093210
2.331410 -2.618640 13.255980
2.216510 -1.575020 13.610240
2.235660 -1.306930 13.514490
2.149490 -1.450550 12.422990
2.455870 -1.929270 12.001710
2.542050 -2.542050 12.212350
2.293110 -2.637790 12.413420
2.484600 -3.489930 12.413420
2.982480 -3.987800 12.327250
2.944180 -3.240990 12.030440
2.685660 -3.183540 11.982560
2.350550 -4.437810 11.226170
2.743110 -5.050580 10.910210
3.422910 -5.041010 11.254900
3.901630 -4.533550 11.149580
3.240990 -4.619720 10.728290
2.321830 -5.625050 9.991050
1.814380 -5.845270 8.286780
1.699480 -5.538880 6.888900
1.144160 -4.830370 7.405920
-0.062230 -4.332490 7.989970
-0.809050 -4.102700 7.884650
-1.632460 -3.327160 7.204860
-2.647370 -2.302680 6.706980
-3.154820 -1.105860 5.548460
-3.480350 -1.010120 4.753770
-3.892060 -1.613310 3.834610
-4.849520 -1.326080 2.953750
-5.242070 -0.876070 3.116520
-4.935690 -0.234580 3.154820
-5.012280 0.770750 2.350550
-5.854840 1.575020 1.402670
-7.080390 1.843100 0.809050
-7.434650 1.680340 0.550540
-6.869750 0.895220 0.742030
-5.720800 0.579260 0.990970
-5.960160 1.814380 0.588840
-7.224010 2.934600 0.330320
-8.018690 3.509080 0.110110
-7.741030 3.556950 0.000000
-6.898470 3.365460 -0.062230
-6.841020 3.499500 -0.416490
-7.319750 4.016530 -0.579260
-7.884650 4.763340 -0.780330
-7.903800 5.041010 -1.192030
-7.645290 4.734620 -1.594160
-7.817630 5.060160 -1.632460
-8.363380 6.075060 -1.507990
-8.755940 6.735700 -1.077140
-8.621890 7.099540 -0.933520
-8.947430 7.022940 -1.402670
-9.560200 7.243150 -2.609070
-9.943180 8.717640 -3.959080
-9.828290 9.818710 -4.351640
-9.244240 9.253810 -3.212260
-8.047420 7.080390 -1.134590
-8.124010 5.921870 -0.225000
-8.842110 5.519730 -0.014360
