-8.765510 4.112270 -0.119680
-8.746360 4.303770 -0.205850
-8.746360 4.562280 -0.330320
-8.708060 4.533550 -0.540960
-8.746360 4.476110 -0.703730
-8.899550 4.705900 -0.809050
-9.110190 5.012280 -0.818620
-9.158070 4.964410 -0.952670
-9.081470 5.079300 -1.268630
-9.043170 5.127180 -1.335650
-9.110190 5.634630 -1.881400
-9.359130 6.381440 -2.120770
-9.531480 6.142080 -1.565440
-9.541050 6.084630 -1.651610
-9.330410 6.075060 -1.852680
-9.004870 5.701650 -1.747360
-8.947430 5.529310 -1.776080
-9.004870 5.261220 -1.479270
-8.899550 5.117600 -1.383520
-8.698490 4.667600 -1.287780
-8.669760 4.275040 -1.029270
-8.803810 4.179300 -0.694160
-8.698490 4.179300 -0.493090
-8.507000 4.255890 -0.627130
-8.258060 3.700570 -0.464370
-8.124010 2.618640 -0.244150
-7.855930 2.053740 0.062230
-7.444220 1.900550 0.646280
-7.089960 1.546290 1.096290
-6.850600 1.440970 1.172880
-6.716550 1.689910 1.259050
-6.467620 1.297350 1.555870
-5.998460 0.799480 1.689910
-5.414410 0.617560 1.996300
-4.801640 0.493090 2.484600
-4.792070 0.119680 2.800560
-4.332490 -0.809050 3.489930
-3.269710 -1.766510 4.456960
-2.781410 -1.680340 5.117600
-2.953750 -0.943090 5.299520
-3.365460 -0.837770 5.222920
-2.685660 -1.699480 5.452710
-1.192030 -3.116520 6.247400
-0.301600 -2.752690 6.764430
-0.311170 -1.900550 7.214430
-0.512240 -1.670760 7.032510
-0.205850 -1.852680 7.128260
0.990970 -1.642040 8.736790
1.546290 -0.818620 9.837860
1.919700 -0.904800 10.307010
2.551620 -1.507990 9.770840
2.599490 -2.072890 9.359130
3.087800 -1.632460 10.795320
3.355880 -0.416490 11.896390
3.221840 -0.473940 12.202780
3.288860 -1.881400 11.743200
3.298440 -3.671840 11.321920
2.283530 -2.800560 10.172970
3.087800 -1.096290 13.246400
2.896300 -1.192030 13.399600
3.173970 -2.513320 12.786830
3.097370 -2.925030 12.107030
2.714390 -1.402670 12.068730
2.886730 -0.866500 11.905970
2.944180 -1.938850 11.762350
2.848430 -2.494170 11.475110
2.589920 -1.642040 11.283620
2.340980 -0.780330 10.967660
2.513320 -1.680340 10.948510
2.609070 -2.331410 11.398510
2.551620 -1.613310 11.685750
2.867580 -1.086710 12.049580
3.039920 -1.105860 11.858090
2.819710 -1.201610 11.111280
2.762260 -2.254810 10.536800
3.240990 -3.853760 10.575100
3.585670 -4.523980 10.929360
3.461200 -4.437810 10.900640
2.877160 -4.543130 10.709150
2.092040 -4.878240 10.230420
1.967570 -4.284620 9.349560
2.092040 -3.978230 9.119770
1.718630 -4.370790 9.177220
0.234580 -4.983560 8.449550
-1.373950 -5.041010 8.018690
-1.622890 -4.677170 8.765510
-1.259050 -2.800560 8.497420
-1.335650 -1.201610 6.936770
-2.465450 -1.421820 5.117600
-4.945260 -2.714390 4.150570
-5.854840 -3.930360 3.825040
-4.993130 -2.733540 4.131420
-4.313340 -1.038840 3.987800
-4.964410 -0.023940 3.183540
-5.912290 0.330320 2.522900
-6.419740 0.004790 2.235660
-6.218680 0.033510 1.479270
-6.362300 0.742030 1.182460
-6.601660 1.115440 1.000540
-6.706980 1.086710 0.895220
-7.089960 1.029270 0.569690
-7.549540 1.268630 0.607980
-7.721880 2.044170 0.493090
-8.056990 2.676090 0.138830
-8.401680 2.723960 -0.119680
-8.372950 2.312260 -0.339900
-8.420830 2.120770 -0.512240
-8.420830 2.178210 -0.636710
-8.554870 2.580340 -0.703730
-8.334650 2.886730 -0.770750
-8.238910 3.183540 -1.144160
-8.717640 3.317590 -1.230330
-9.119770 3.643120 -1.192030
-9.138920 4.188870 -1.105860
-8.851680 4.227170 -1.230330
