-6.754850 10.297440 -4.246320
-7.204860 10.804890 -4.495260
-7.319750 9.962330 -4.332490
-6.936770 9.148490 -4.322910
-6.601660 8.918700 -4.332490
-6.697400 9.052750 -4.179300
-7.156980 8.784660 -3.930360
-7.396350 7.961250 -3.719720
-7.166560 6.783580 -3.403760
-6.802730 6.256970 -3.049500
-6.793150 6.745280 -3.202690
-7.128260 7.176130 -3.308010
-7.463370 6.764430 -2.896300
-7.501670 5.854840 -2.618640
-7.291030 5.232500 -2.589920
-7.051660 4.361210 -2.120770
-7.013370 4.054830 -1.479270
-7.051660 4.303770 -0.971820
-6.592080 4.437810 -0.186700
-6.352720 3.882480 -0.665430
-6.563360 3.001620 -0.301600
-6.170800 1.747360 0.110110
-5.289940 1.029270 0.263300
-5.155900 0.799480 0.426070
-5.012280 0.675010 1.201610
-4.380360 0.349470 2.379280
-3.892060 0.090960 3.164390
-3.959080 0.023940 3.461200
-4.198450 0.000000 3.279290
-3.729290 -0.215430 3.997380
-2.618640 -1.134590 5.289940
-1.958000 -2.676090 6.008040
-1.948420 -2.829280 5.902720
-2.436730 -1.833530 5.653780
-2.436730 -1.077140 5.941020
-1.977150 -1.029270 6.745280
-1.364370 -1.642040 7.137830
-0.636710 -2.283530 7.855930
0.004790 -1.153730 9.368710
-0.301600 0.253730 10.287870
-0.435640 0.033510 10.029350
-0.292020 -1.479270 8.593170
0.378200 -2.178210 8.583590
0.971820 -0.713300 10.144250
0.722880 0.397340 11.417660
0.933520 -0.435640 11.628300
1.622890 -2.178210 11.283620
2.025020 -2.245230 11.685750
1.440970 -1.172880 12.691080
1.364370 -1.000540 13.198530
1.575020 -2.034590 12.279370
1.852680 -3.011200 11.657030
1.881400 -2.092040 12.279370
1.651610 -0.349470 12.738950
1.460120 0.119680 12.518740
2.025020 -1.086710 12.691080
1.833530 -2.388850 11.561280
1.517570 -1.632460 12.145330
1.709060 -0.110110 13.169810
1.871830 -0.818620 12.719800
1.948420 -1.565440 11.743200
1.986720 -0.895220 11.800650
1.929270 -0.981390 12.729380
1.900550 -2.053740 12.825120
1.881400 -2.503750 12.662360
1.756930 -2.350550 12.748530
1.603740 -2.101620 12.681500
1.402670 -2.522900 11.657030
1.019690 -3.844190 11.025110
1.010120 -4.878240 11.082550
0.990970 -4.495260 11.542130
1.115440 -3.394180 11.819790
0.789900 -2.743110 11.226170
0.014360 -3.748440 10.268720
-0.378200 -4.973980 9.483600
-0.349470 -5.031430 8.832530
-0.694160 -3.595250 8.401680
-1.756930 -2.168640 8.219760
-2.618640 -1.852680 7.951670
-2.609070 -1.977150 7.051660
-2.542050 -1.977150 5.988890
-3.442050 -1.823950 4.638870
-4.447380 -1.498420 3.930360
-4.792070 -1.029270 3.805890
-4.409090 -0.368620 3.968660
-4.236740 0.406920 3.403760
-4.859090 1.048410 2.484600
-5.950590 1.603740 1.613310
-6.525060 1.862250 0.761180
-6.391020 1.766510 0.454790
-5.941020 1.450550 0.454790
-5.797400 1.259050 0.071810
-6.247400 1.823950 -0.320750
-6.649530 2.685660 -0.885650
-6.860170 3.231410 -1.546290
-6.706980 3.537800 -1.881400
-6.496340 4.275040 -2.034590
-6.525060 5.452710 -2.321830
-6.496340 6.410170 -2.484600
-6.429320 6.601660 -2.628220
-6.256970 6.170800 -2.599490
-6.304850 5.720800 -2.905880
-6.467620 5.653780 -3.308010
-6.438890 6.477190 -3.844190
-6.352720 7.310180 -3.968660
-6.075060 7.539970 -3.710140
-5.912290 7.453800 -4.006950
-6.343150 7.348470 -4.495260
-6.314420 7.645290 -4.715470
-6.075060 8.258060 -4.514410
-5.883570 8.813380 -4.361210
-6.094210 9.177220 -4.552700
-6.142080 9.253810 -4.993130
-5.969740 9.071900 -5.021860
-5.672930 8.775080 -4.753770
