9.416580 -3.126090 2.618640
9.158070 -2.790980 2.810130
8.995300 -2.647370 2.838860
9.263390 -3.020770 2.790980
9.665520 -3.537800 2.886730
9.857010 -3.700570 3.317590
9.904880 -3.403760 3.614400
10.172970 -3.308010 4.083550
10.517650 -3.547370 4.428230
10.421910 -3.882480 4.399510
10.326160 -4.476110 4.456960
10.307010 -4.658020 4.418660
10.335740 -4.332490 4.523980
10.412330 -4.389940 5.127180
10.613400 -4.811220 5.845270
10.517650 -4.973980 6.324000
10.460210 -4.878240 6.161230
10.364460 -5.021860 5.730370
10.374040 -5.845270 5.931440
10.527230 -7.089960 6.697400
10.757020 -7.702730 7.233580
11.360220 -7.942100 7.319750
11.312340 -7.559120 6.716550
10.354890 -7.224010 6.582510
9.359130 -7.338900 7.147410
8.755940 -6.965490 7.731460
8.296360 -6.314420 8.018690
7.884650 -6.189950 7.932520
7.415500 -6.256970 7.875080
6.592080 -6.122930 7.721880
5.950590 -6.381440 7.855930
5.797400 -6.802730 7.674010
5.395260 -6.716550 7.463370
4.638870 -6.304850 7.568690
4.284620 -6.256970 7.606990
4.054830 -5.988890 7.520820
3.327160 -5.232500 7.654860
2.790980 -5.261220 7.779330
2.599490 -5.739950 7.501670
2.235660 -5.711230 7.482520
1.737780 -5.845270 7.386770
1.402670 -5.797400 7.070810
0.876070 -5.098450 6.936770
0.282450 -4.447380 6.879320
-0.292020 -3.863340 6.821870
-0.933520 -3.844190 6.860170
-1.488840 -3.930360 6.285700
-1.900550 -3.355880 5.625050
-2.340980 -2.226090 5.663350
-3.173970 -1.565440 5.347390
-3.892060 -1.536720 5.443140
-4.160150 -1.977150 5.041010
-4.322910 -1.268630 4.342060
-4.543130 -0.320750 4.284620
-4.935690 -0.282450 4.160150
-5.222920 -0.349470 3.758010
-5.529310 0.282450 3.336730
-5.921870 0.856920 3.317590
-5.941020 0.521810 2.982480
-5.854840 0.512240 2.561200
-6.027190 0.895220 2.350550
-6.189950 1.335650 2.216510
-6.075060 1.642040 2.139910
-5.854840 1.852680 2.283530
-5.883570 1.890980 2.226090
-6.113360 1.833530 1.661190
-6.352720 2.168640 1.306930
-6.745280 2.771840 1.153730
-6.994220 2.905880 1.048410
-7.032510 2.723960 0.971820
-7.291030 3.164390 0.904800
-7.721880 3.528230 0.780330
-7.961250 3.738870 0.876070
-8.296360 3.767590 0.732450
-8.497420 3.863340 0.856920
-8.660190 4.160150 0.895220
-8.784660 4.026100 0.943090
-9.033600 3.805890 0.828200
-8.937850 3.987800 0.981390
-8.832530 4.035680 1.201610
