10.479360 -3.375030 4.428230
10.670850 -2.503750 4.591000
10.690000 -2.455870 4.562280
10.393190 -3.308010 4.399510
10.201690 -4.217590 4.073980
10.335740 -4.389940 4.322910
10.575100 -3.595250 4.686750
10.690000 -2.781410 4.811220
10.862340 -2.905880 5.031430
10.709150 -3.528230 5.050580
10.536800 -4.131420 5.261220
10.508080 -3.959080 5.538880
10.632550 -3.059070 5.615480
10.690000 -2.561200 5.586760
10.402760 -2.944180 5.749520
10.086800 -3.844190 6.161230
10.029350 -4.121850 6.448470
10.393190 -3.413330 6.525060
10.651700 -2.561200 6.486770
10.345310 -2.704810 6.563360
9.732540 -3.643120 7.099540
9.196370 -3.805890 7.788900
9.320830 -2.886730 7.760180
9.904880 -2.168640 7.453800
9.646370 -2.589920 7.329330
8.641040 -3.815460 7.463370
8.171890 -4.361210 7.358050
8.181460 -3.576100 7.233580
8.114440 -2.858010 7.568690
7.654860 -3.116520 7.846350
7.214430 -3.566520 7.951670
6.965490 -3.212260 7.951670
6.754850 -2.714390 7.951670
6.410170 -2.915450 8.085720
5.797400 -3.384610 8.162310
5.318670 -3.451630 8.401680
5.069730 -2.886730 8.669760
4.897390 -2.254810 8.880400
4.581430 -2.139910 9.004870
4.198450 -2.427150 8.985730
3.949510 -2.695240 8.765510
3.863340 -2.666510 8.641040
3.384610 -2.321830 8.669760
2.838860 -2.206940 8.736790
2.484600 -2.187790 8.736790
2.130340 -1.967570 8.669760
1.823950 -1.929270 8.612320
1.479270 -2.015450 8.478270
1.086710 -1.862250 8.487850
0.722880 -1.603740 8.602740
0.359050 -1.603740 8.526150
0.253730 -1.642040 8.296360
0.205850 -1.622890 8.152740
-0.205850 -1.527140 8.076140
-0.828200 -1.469690 8.114440
-1.220760 -1.421820 7.961250
-1.393100 -1.326080 7.674010
-1.594160 -1.354800 7.463370
-1.910120 -1.517570 7.358050
-2.293110 -1.709060 7.214430
-2.637790 -1.622890 7.013370
-2.838860 -1.383520 6.869750
-2.944180 -1.297350 7.003790
-3.126090 -1.144160 7.233580
-3.422910 -0.904800 7.051660
-3.767590 -0.895220 6.764430
-3.949510 -1.067560 6.630380
-4.064400 -1.249480 6.448470
-4.332490 -1.086710 6.256970
-4.811220 -0.828200 6.209100
-4.945260 -0.876070 6.266550
-4.897390 -0.828200 6.189950
-5.136750 -0.694160 5.998460
-5.510160 -0.703730 5.768670
-5.778250 -0.751600 5.615480
-5.797400 -0.646280 5.481440
-5.711230 -0.588840 5.127180
-5.778250 -0.675010 4.839940
-5.835700 -0.742030 4.591000
-6.075060 -0.464370 4.246320
