10.086800 -3.422910 3.710140
10.249570 -4.102700 4.169720
10.632550 -3.949510 4.983560
10.977230 -3.145240 5.730370
11.484690 -2.542050 6.180380
11.934690 -2.733540 6.917620
11.733620 -3.844190 7.348470
11.599580 -4.648450 7.549540
12.154900 -3.748440 7.836780
12.920870 -2.360130 8.143160
13.390020 -2.637790 8.574020
13.265550 -4.227170 8.305930
12.901720 -4.973980 7.654860
13.064490 -4.351640 7.166560
13.619810 -3.738870 7.281450
13.629390 -3.920780 7.453800
13.313430 -4.418660 7.721880
12.940020 -4.121850 7.894220
12.576190 -3.298440 7.970820
12.135760 -3.298440 7.970820
12.221930 -4.217590 7.961250
12.269800 -4.409090 8.124010
11.972990 -3.260140 8.028270
11.743200 -2.752690 8.028270
10.996380 -3.489930 8.277210
10.737870 -4.217590 7.855930
10.804890 -3.700570 7.463370
9.837860 -2.503750 7.281450
8.602740 -2.848430 7.252730
7.817630 -3.623970 7.329330
7.003790 -3.154820 7.310180
6.362300 -2.197360 7.721880
5.787820 -1.843100 8.296360
5.414410 -1.977150 7.999550
5.098450 -2.005870 7.587840
4.418660 -1.804800 7.492090
3.662270 -1.967570 7.511240
3.116520 -2.082470 7.291030
2.762260 -1.718630 7.061240
2.455870 -1.172880 6.917620
1.747360 -1.019690 6.955920
0.847350 -1.105860 6.888900
0.186700 -1.105860 6.678260
0.014360 -1.010120 6.841020
-0.196280 -0.646280 7.051660
-0.761180 -0.368620 6.927190
-1.373950 -0.196280 6.726130
-1.709060 -0.196280 6.496340
-1.795230 -0.311170 6.448470
-2.120770 -0.282450 6.170800
-2.723960 -0.368620 5.902720
-3.336730 -0.339900 5.577180
-3.604820 -0.090960 5.491010
-3.652690 0.225000 5.471860
-4.083550 0.311170 5.337820
-4.571850 0.110110 4.983560
-4.792070 0.014360 4.782490
-4.820790 0.311170 4.600580
-4.954840 0.665430 4.246320
-5.491010 0.962240 3.805890
-5.864420 0.876070 3.355880
-5.931440 0.531390 2.819710
-5.845270 0.416490 2.618640
-6.094210 0.655860 2.111190
-6.793150 1.019690 1.460120
-7.195280 1.287780 1.584590
-6.850600 1.402670 1.929270
-6.486770 1.565440 2.178210
-6.908050 2.206940 1.986720
-7.654860 2.369700 1.670760
-8.076140 2.072890 1.230330
-7.702730 1.517570 1.192030
-7.262300 1.871830 1.297350
-7.674010 2.666510 1.268630
-8.372950 2.570770 1.421820
-8.076140 2.072890 1.316500
-7.693160 1.862250 1.412250
-8.468700 2.216510 1.402670
-8.851680 2.216510 1.642040
-8.286780 2.149490 1.996300
