2.063320 -4.677170 7.472940
1.938850 -4.686750 7.539970
1.718630 -4.600580 7.568690
1.689910 -4.543130 7.683580
1.603740 -4.533550 7.683580
1.460120 -4.409090 7.798480
1.192030 -4.284620 7.989970
0.789900 -4.275040 7.951670
0.569690 -4.456960 7.865500
0.426070 -4.648450 7.741030
0.234580 -4.581430 7.741030
0.129260 -4.409090 7.942100
-0.100530 -4.160150 7.980400
-0.454790 -4.093120 7.865500
-0.665430 -4.351640 7.779330
-0.799480 -4.418660 7.846350
-0.828200 -4.246320 7.961250
-1.125010 -3.997380 7.836780
-1.469690 -4.064400 7.846350
-1.689910 -4.227170 7.731460
-1.977150 -4.342060 7.635710
-2.226090 -4.437810 7.597410
-2.513320 -4.389940 7.587840
-2.589920 -4.332490 7.760180
-2.542050 -4.284620 7.788900
-2.666510 -4.054830 7.760180
-3.039920 -4.035680 7.635710
-3.451630 -4.035680 7.492090
-3.681420 -3.901630 7.472940
-3.786740 -3.825040 7.444220
-3.911210 -3.786740 7.224010
-4.035680 -3.623970 7.099540
-4.332490 -3.509080 6.908050
-4.753770 -3.537800 6.764430
-4.906960 -3.365460 6.735700
-4.801640 -3.135670 6.687830
-4.868660 -3.135670 6.649530
-5.175050 -3.164390 6.659110
-5.356970 -2.905880 6.544210
-5.165480 -2.829280 6.438890
-5.165480 -3.011200 6.228250
-5.500590 -3.145240 6.103780
-5.759100 -2.953750 6.103780
-5.730370 -2.838860 6.161230
-5.605900 -2.522900 6.304850
-5.653780 -2.216510 6.256970
-5.969740 -2.350550 5.941020
-5.998460 -2.503750 5.720800
-5.854840 -2.206940 5.558030
-5.816550 -2.034590 5.558030
-5.998460 -1.890980 5.625050
-6.285700 -1.747360 5.720800
-6.563360 -1.737780 5.634630
-6.601660 -1.823950 5.634630
-6.544210 -1.632460 5.701650
-6.735700 -1.450550 5.548460
-6.927190 -1.440970 5.548460
-6.879320 -1.335650 5.672930
-6.850600 -1.029270 5.787820
-6.994220 -0.971820 5.845270
-6.994220 -0.981390 5.768670
-6.869750 -0.952670 5.644200
-6.898470 -0.923950 5.692080
-7.032510 -0.809050 5.720800
-7.137830 -0.713300 5.605900
-7.118690 -0.703730 5.433560
-6.936770 -0.502660 5.462290
-6.965490 -0.311170 5.328240
-7.156980 -0.378200 5.165480
-7.089960 -0.406920 5.146330
-6.946340 -0.339900 5.069730
-7.089960 -0.397340 4.916540
-7.271880 -0.435640 4.878240
-7.425070 -0.454790 4.983560
-7.348470 -0.215430 5.050580
-7.415500 -0.004790 5.098450
-7.425070 0.000000 5.108030
-7.310180 -0.177130 5.069730
-7.281450 -0.292020 4.926110
-7.348470 -0.119680 4.878240
