9.799560 -2.858010 0.952670
9.876160 -2.685660 1.412250
9.780410 -2.455870 1.890980
9.828290 -2.369700 2.388850
10.163400 -2.475020 2.695240
10.134670 -2.810130 2.254810
9.809140 -3.355880 1.900550
9.608070 -3.269710 2.685660
9.608070 -2.618640 3.499500
10.172970 -2.216510 3.892060
10.661270 -2.082470 4.169720
10.594250 -2.455870 4.131420
10.230420 -3.298440 4.035680
10.431480 -3.939930 4.236740
11.149580 -3.662270 4.658020
11.350640 -2.685660 4.964410
10.613400 -2.436730 5.337820
10.182540 -3.087800 5.711230
10.967660 -3.892060 6.467620
12.011290 -3.748440 6.927190
12.509160 -2.570770 7.147410
12.681500 -1.642040 7.769760
12.700650 -2.120770 8.660190
12.432570 -3.403760 8.966580
12.815550 -3.346310 8.736790
13.773010 -2.436730 8.679340
14.002790 -1.843100 8.765510
13.342150 -2.216510 9.119770
13.208110 -3.106940 8.822960
13.457050 -2.810130 8.439980
13.284700 -2.666510 8.325080
12.758100 -3.240990 8.296360
12.260220 -2.886730 8.258060
11.982560 -2.168640 8.238910
11.293190 -2.475020 7.855930
10.584680 -3.643120 7.674010
10.661270 -4.045250 7.865500
10.038930 -2.877160 8.047420
9.043170 -2.245230 7.913370
8.631470 -3.068650 7.664440
8.143160 -3.537800 7.664440
7.492090 -3.240990 8.143160
6.812300 -2.580340 8.631470
6.266550 -1.843100 8.803810
5.960160 -1.402670 8.803810
5.471860 -1.507990 8.353800
4.859090 -1.919700 7.836780
4.141000 -2.245230 7.578260
3.269710 -2.264380 7.453800
2.676090 -1.843100 7.626140
2.542050 -0.981390 7.721880
2.226090 -0.416490 7.635710
1.546290 -0.694160 7.281450
0.914370 -1.230330 6.659110
0.512240 -1.057990 6.314420
-0.004790 -0.521810 5.921870
-0.540960 -0.598410 5.558030
-0.837770 -0.464370 5.376120
-1.172880 -0.043090 5.108030
-1.900550 0.023940 4.715470
-2.704810 0.004790 4.399510
-2.944180 0.157980 3.920780
-2.800560 0.339900 3.231410
-3.039920 0.225000 2.733540
-3.796310 0.406920 2.829280
-4.667600 0.636710 3.068650
-5.404840 0.770750 3.509080
-5.567610 1.335650 3.872910
-5.481440 2.226090 4.006950
-5.711230 2.695240 3.949510
-6.161230 2.360130 3.997380
-6.793150 1.843100 3.978230
-6.869750 1.814380 4.169720
-6.314420 2.063320 4.217590
-6.505910 2.092040 4.045250
-7.070810 1.890980 3.872910
-7.109110 1.613310 3.662270
-6.764430 1.469690 3.509080
-6.668680 1.728210 3.308010
-6.888900 1.948420 3.145240
