9.962330 -3.298440 3.193120
9.866590 -3.279290 3.470780
10.000630 -3.566520 3.872910
10.096370 -3.738870 3.987800
10.220840 -3.499500 3.968660
10.230420 -3.355880 4.083550
10.029350 -3.681420 4.141000
9.895310 -4.102700 4.303770
9.857010 -3.987800 4.600580
10.010200 -3.461200 4.945260
10.278290 -3.145240 5.376120
10.469780 -3.212260 5.634630
10.527230 -3.298440 6.103780
10.354890 -3.221840 6.304850
10.527230 -3.662270 6.486770
11.101700 -4.188870 6.706980
11.312340 -3.863340 6.898470
11.044250 -2.886730 7.166560
10.996380 -2.695240 7.214430
11.293190 -3.863340 7.195280
11.360220 -5.251650 6.975070
10.757020 -5.021860 6.879320
10.488930 -3.662270 7.195280
10.795320 -2.953750 7.482520
10.766590 -3.623970 7.511240
10.287870 -4.811220 7.606990
9.636790 -4.715470 7.779330
9.521900 -3.422910 7.750610
10.086800 -2.819710 7.741030
9.761260 -3.595250 7.645290
8.746360 -4.456960 7.224010
8.238910 -4.275040 7.434650
8.028270 -3.403760 8.047420
7.875080 -3.375030 8.334650
7.626140 -3.375030 8.420830
7.080390 -2.714390 8.889980
6.706980 -2.436730 9.253810
6.467620 -2.810130 9.043170
6.419740 -3.260140 8.526150
6.103780 -3.327160 8.210190
5.519730 -3.221840 8.267630
5.002710 -3.173970 8.372950
4.409090 -2.915450 8.439980
3.939930 -2.465450 8.439980
3.576100 -2.159060 8.583590
3.106940 -2.159060 8.574020
2.551620 -2.139910 8.487850
2.092040 -1.977150 8.420830
1.890980 -1.699480 8.507000
1.709060 -1.507990 8.286780
1.306930 -1.450550 7.922950
0.799480 -1.680340 7.760180
0.292020 -1.756930 7.731460
-0.234580 -1.440970 7.760180
-0.493090 -0.971820 7.702730
-0.665430 -0.646280 7.358050
-0.952670 -0.617560 6.908050
-1.603740 -0.837770 6.754850
-2.120770 -0.971820 6.477190
-2.139910 -0.856920 6.017610
-2.360130 -0.435640 5.548460
-3.068650 -0.014360 4.801640
-3.576100 -0.282450 4.294190
-4.026100 -0.521810 4.389940
-4.954840 -0.330320 4.686750
-5.452710 0.225000 5.031430
-4.782490 1.249480 5.270800
-4.284620 2.264380 5.663350
-5.012280 2.427150 5.720800
-5.835700 1.804800 5.194200
-5.969740 1.192030 4.571850
-5.672930 1.259050 4.380360
-6.094210 2.005870 4.591000
-6.601660 2.369700 4.476110
-6.553790 2.044170 4.102700
-6.611230 1.910120 3.815460
-6.975070 1.795230 3.221840
-7.013370 1.278200 2.877160
-6.706980 1.182460 2.599490
-6.917620 1.488840 2.436730
