10.220840 -2.293110 4.322910
10.374040 -1.986720 4.906960
10.431480 -2.369700 5.041010
10.412330 -3.030350 4.887810
10.575100 -3.413330 5.002710
10.891060 -3.020770 5.586760
11.082550 -2.235660 5.988890
11.398510 -2.063320 6.630380
11.321920 -2.695240 6.812300
11.369790 -3.528230 6.486770
11.551710 -3.595250 5.988890
11.628300 -3.738870 6.314420
11.254900 -3.853760 6.946340
11.446390 -3.690990 7.817630
12.059160 -3.269710 8.574020
11.972990 -2.982480 8.832530
11.542130 -3.614400 9.004870
11.274040 -4.437810 9.445300
11.791070 -4.121850 9.665520
12.346400 -3.422910 10.335740
11.341070 -3.126090 10.345310
10.239990 -4.476110 10.105950
10.680420 -6.122930 10.632550
10.929360 -5.462290 10.690000
10.584680 -3.681420 10.622970
10.345310 -3.116520 10.412330
9.904880 -4.255890 9.722970
9.110190 -5.385690 9.359130
8.497420 -5.280370 8.870830
7.999550 -3.939930 8.583590
7.683580 -3.078220 8.784660
7.214430 -2.953750 8.574020
6.237830 -2.905880 8.248480
5.194200 -3.039920 7.262300
4.696320 -3.106940 6.639960
4.591000 -2.475020 6.639960
4.275040 -1.297350 6.726130
3.547370 -0.579260 6.343150
2.580340 -0.789900 5.203770
2.015450 -1.115440 4.658020
1.632460 -0.981390 4.533550
0.923950 -0.751600 4.648450
0.550540 -0.215430 4.792070
0.387770 0.837770 4.696320
-0.119680 1.555870 4.600580
-1.019690 1.776080 4.456960
-1.747360 1.479270 4.294190
-2.235660 1.249480 4.006950
-2.819710 1.546290 3.949510
-3.145240 1.795230 4.121850
-3.154820 2.139910 4.284620
-3.375030 2.733540 4.035680
-4.054830 2.781410 3.643120
-4.456960 2.436730 3.480350
-4.380360 2.350550 3.422910
-4.705900 2.465450 2.838860
-5.347390 2.609070 2.800560
-5.826120 2.905880 3.231410
-5.778250 3.250560 3.576100
-5.692080 3.375030 3.834610
-5.941020 3.509080 3.844190
-6.276120 3.470780 3.681420
-6.429320 2.972900 3.413330
-6.458040 2.676090 3.489930
-6.381440 2.436730 3.643120
-6.237830 2.159060 3.643120
-6.438890 2.302680 3.767590
-6.802730 2.656940 3.901630
-6.697400 2.704810 4.208020
-6.419740 2.647370 4.236740
-6.850600 2.522900 4.141000
-7.463370 2.417580 4.236740
-7.291030 2.465450 4.476110
-6.831450 2.455870 4.811220
-6.965490 2.551620 5.069730
-7.291030 2.647370 5.146330
-7.300600 2.618640 4.993130
-7.300600 2.446300 4.830370
-7.358050 2.312260 5.021860
-7.396350 2.465450 5.270800
