5.366540 -3.805890 7.635710
5.356970 -3.844190 7.721880
5.433560 -3.844190 7.721880
5.136750 -3.901630 7.549540
4.839940 -4.006950 7.482520
4.820790 -3.997380 7.616560
5.002710 -3.892060 8.018690
4.935690 -3.710140 8.219760
4.571850 -3.633550 8.009120
4.294190 -3.978230 7.597410
4.332490 -4.236740 7.367620
4.342060 -3.959080 7.501670
4.064400 -3.758010 7.683580
3.777160 -3.518650 7.788900
3.576100 -3.250560 7.683580
3.643120 -3.758010 7.903800
3.528230 -3.853760 7.961250
3.432480 -3.844190 7.779330
3.470780 -3.825040 7.616560
3.384610 -3.758010 7.760180
3.279290 -3.604820 8.085720
3.154820 -3.470780 8.104870
3.087800 -3.604820 7.865500
3.078220 -3.825040 7.664440
2.982480 -3.853760 7.626140
2.752690 -3.633550 7.616560
2.475020 -3.623970 7.578260
2.340980 -3.710140 7.664440
2.312260 -3.576100 7.961250
2.465450 -3.298440 8.612320
2.379280 -2.762260 9.014450
2.082470 -2.877160 8.784660
1.986720 -3.662270 8.497420
1.929270 -3.987800 8.420830
1.814380 -3.939930 8.478270
1.699480 -3.748440 8.698490
1.622890 -3.537800 9.024020
1.680340 -3.489930 9.234660
1.642040 -3.815460 9.215510
1.584590 -3.939930 9.330410
1.517570 -3.853760 9.282540
1.431400 -3.863340 8.947430
1.421820 -3.939930 8.889980
1.393100 -4.045250 9.052750
1.230330 -4.303770 9.052750
1.057990 -4.217590 8.899550
1.038840 -3.920780 8.995300
0.971820 -3.738870 9.205940
0.770750 -3.614400 9.445300
0.617560 -3.461200 9.474030
0.464370 -3.758010 9.033600
0.550540 -4.198450 8.937850
0.569690 -4.035680 9.110190
0.330320 -3.863340 9.100620
0.215430 -3.920780 9.100620
0.263300 -3.853760 9.110190
0.119680 -3.748440 8.995300
-0.234580 -3.585670 8.937850
-0.263300 -3.633550 9.205940
-0.148410 -3.681420 9.167640
-0.301600 -3.748440 8.995300
-0.703730 -3.700570 8.746360
-0.933520 -3.796310 8.813380
-0.722880 -3.576100 9.081470
-0.742030 -3.346310 9.186790
-0.904800 -3.710140 8.909130
-0.962240 -3.968660 8.717640
-1.096290 -3.825040 8.593170
-1.383520 -3.623970 8.468700
-1.498420 -3.470780 8.439980
-1.527140 -3.288860 8.574020
-1.536720 -3.183540 8.497420
-1.881400 -3.059070 8.143160
-2.379280 -3.116520 7.932520
-2.695240 -3.240990 7.999550
-2.618640 -3.068650 8.315510
-2.283530 -2.618640 8.420830
-2.312260 -2.408000 8.277210
-2.666510 -2.704810 8.133590
-2.829280 -2.877160 7.999550
