9.359130 -3.375030 2.159060
9.292110 -3.288860 2.369700
9.244240 -3.231410 2.503750
9.301690 -3.375030 2.810130
9.301690 -3.556950 3.384610
9.186790 -3.566520 4.169720
8.928280 -3.509080 5.041010
8.775080 -3.308010 5.845270
9.071900 -3.834610 6.515490
9.426150 -5.577180 7.731460
9.703820 -7.224010 9.818710
10.335740 -6.726130 11.274040
11.379360 -5.759100 12.413420
12.557040 -6.467620 13.437900
13.083640 -8.765510 13.514490
13.380450 -10.067650 13.131510
14.309180 -10.115520 13.715560
15.477280 -8.985730 14.634720
16.444310 -8.056990 15.036850
17.037930 -8.277210 14.136840
17.497510 -9.426150 12.758100
17.736870 -9.617650 11.819790
17.277290 -9.569770 11.925110
18.273050 -9.502750 11.676180
18.043260 -8.727210 11.321920
16.836860 -8.698490 10.517650
16.741120 -8.985730 9.225090
16.262390 -8.698490 8.085720
15.438980 -8.631470 7.310180
14.807060 -7.329330 7.128260
14.098540 -5.538880 6.400590
12.825120 -4.859090 4.973980
11.590010 -4.973980 3.777160
10.690000 -4.658020 3.068650
9.991050 -3.805890 2.436730
9.234660 -2.704810 1.651610
8.085720 -1.843100 0.770750
6.448470 -1.096290 -0.062230
4.562280 -0.301600 -0.943090
3.001620 0.598410 -1.594160
1.536720 1.105860 -1.919700
0.244150 1.469690 -2.408000
-1.182460 2.561200 -2.982480
-2.494170 3.710140 -3.078220
-3.537800 3.920780 -3.078220
-4.284620 3.308010 -3.173970
-5.108030 3.604820 -3.892060
-6.419740 5.079300 -3.825040
-7.204860 5.452710 -3.020770
-7.118690 5.117600 -2.369700
-6.726130 4.945260 -2.149490
-6.965490 5.280370 -2.551620
-7.568690 5.289940 -2.408000
-7.798480 4.792070 -1.823950
-7.750610 4.552700 -1.450550
-7.731460 4.255890 -1.201610
-7.798480 4.246320 -1.182460
-7.932520 4.246320 -0.914370
-8.009120 3.872910 -0.799480
-7.980400 3.643120 -0.646280
-7.913370 3.556950 -0.339900
-7.808050 3.432480 -0.071810
-7.903800 3.432480 0.004790
-8.267630 3.346310 0.167550
-8.487850 3.451630 0.330320
-8.583590 3.815460 0.397340
-8.621890 3.738870 0.464370
-8.660190 3.585670 0.665430
-8.593170 3.461200 0.742030
-8.334650 3.346310 0.780330
-8.420830 3.327160 0.885650
-8.650620 3.375030 1.000540
-8.746360 3.308010 0.962240
-8.516570 2.992050 0.943090
-8.516570 3.049500 1.086710
-8.966580 3.279290 1.115440
-9.158070 3.250560 1.038840
-8.947430 3.164390 0.914370
-8.717640 3.049500 0.933520
-8.803810 3.068650 0.962240
