9.320830 -2.666510 2.216510
9.301690 -2.513320 2.254810
9.502750 -2.379280 2.360130
9.512330 -2.388850 2.427150
9.636790 -2.695240 2.388850
9.694240 -2.685660 2.235660
9.742120 -2.733540 2.254810
9.789990 -2.896300 2.522900
9.598500 -2.781410 2.819710
9.387860 -2.743110 2.982480
9.359130 -2.733540 3.365460
9.330410 -2.848430 3.671840
9.301690 -3.126090 4.198450
9.330410 -3.212260 4.897390
9.407000 -3.173970 5.883570
9.253810 -3.154820 7.271880
9.091040 -3.011200 8.325080
9.885730 -2.417580 9.493180
11.092130 -2.953750 11.005960
11.245320 -4.744190 11.609150
10.393190 -5.912290 11.925110
11.484690 -6.525060 13.141090
13.840030 -6.295270 14.941100
15.132590 -5.328240 15.113440
15.151740 -5.069730 13.868750
15.027270 -6.994220 12.537890
15.496430 -8.708060 11.752770
16.166640 -7.970820 12.011290
16.243240 -6.142080 12.566610
15.965580 -5.586760 12.269800
15.984730 -7.262300 10.737870
16.128350 -8.401680 9.091040
15.266640 -7.396350 8.028270
13.744280 -6.448470 7.779330
13.054910 -6.161230 7.463370
12.652780 -5.835700 7.109110
11.513410 -5.759100 6.888900
9.531480 -5.912290 6.055910
7.855930 -5.720800 5.558030
7.281450 -4.523980 5.452710
7.224010 -2.589920 5.280370
6.936770 -1.565440 4.763340
6.055910 -1.517570 3.978230
5.175050 -1.680340 2.915450
4.409090 -1.795230 2.197360
3.671840 -1.507990 1.613310
3.336730 -1.220760 1.373950
2.896300 -0.895220 0.904800
1.613310 0.253730 -0.225000
-0.100530 0.703730 -1.182460
-1.900550 1.383520 -1.259050
-3.595250 2.187790 -1.125010
-4.485680 2.072890 -0.971820
-4.763340 2.149490 -1.048410
-5.270800 3.308010 -1.172880
-6.486770 4.073980 -1.431400
-7.539970 4.456960 -1.938850
-7.980400 4.342060 -1.996300
-7.999550 4.045250 -1.575020
-8.114440 3.777160 -1.077140
-8.219760 3.758010 -0.655860
-8.258060 4.265470 -0.483520
-8.305930 4.332490 -0.234580
-8.439980 4.102700 -0.320750
-8.612320 3.566520 -0.177130
-8.526150 3.633550 0.071810
-8.372950 3.920780 0.387770
-8.210190 3.834610 0.646280
-8.191040 3.604820 0.876070
-8.305930 3.528230 1.019690
-8.296360 3.279290 1.086710
-8.124010 3.384610 1.450550
-8.152740 3.748440 1.546290
-8.286780 3.748440 1.488840
-8.325080 3.556950 1.431400
-8.162310 3.422910 1.575020
-8.095290 3.518650 1.622890
-8.325080 3.758010 1.622890
-8.353800 3.911210 1.632460
-8.143160 3.920780 1.546290
