11.283620 -2.197360 5.366540
11.522980 -2.580340 5.481440
11.312340 -3.499500 5.548460
11.168730 -4.179300 5.615480
11.264470 -3.566520 5.759100
11.561280 -2.446300 5.979310
11.522980 -1.948420 5.921870
11.360220 -2.551620 6.036760
11.321920 -3.422910 6.285700
11.350640 -3.145240 6.391020
11.312340 -1.938850 6.371870
11.446390 -1.919700 6.668680
11.427240 -3.260140 6.850600
11.341070 -4.179300 6.735700
11.216600 -3.442050 6.745280
10.977230 -2.005870 7.032510
10.996380 -2.025020 7.568690
11.034680 -3.087800 7.808050
10.603830 -3.384610 7.482520
10.096370 -2.781410 7.185710
9.675090 -2.475020 7.099540
9.043170 -3.011200 7.654860
8.593170 -3.269710 8.258060
8.708060 -2.245230 8.401680
8.507000 -1.201610 8.650620
7.932520 -1.507990 8.669760
7.434650 -2.570770 8.621890
7.013370 -2.762260 8.401680
6.534640 -2.139910 8.497420
6.103780 -1.661190 8.631470
5.826120 -1.718630 8.545290
5.395260 -1.833530 8.449550
4.792070 -1.833530 8.392100
4.227170 -1.929270 8.392100
3.825040 -2.149490 8.411250
3.365460 -1.900550 8.143160
2.944180 -1.421820 8.056990
2.551620 -1.364370 8.200610
1.977150 -1.661190 8.248480
1.431400 -1.900550 8.018690
1.182460 -1.699480 7.702730
0.981390 -1.038840 7.549540
0.502660 -0.799480 7.597410
0.023940 -1.220760 7.664440
-0.301600 -1.421820 7.463370
-0.483520 -0.923950 7.224010
-0.876070 -0.598410 6.955920
-1.421820 -0.818620 6.687830
-1.958000 -1.010120 6.371870
-2.264380 -0.885650 6.170800
-2.369700 -0.655860 5.979310
-2.685660 -0.627130 6.017610
-3.164390 -0.847350 5.979310
-3.518650 -0.675010 5.787820
-3.853760 -0.454790 5.596330
-4.141000 -0.703730 5.356970
-4.591000 -1.172880 5.079300
-4.906960 -1.316500 4.801640
-4.725050 -0.943090 5.012280
-4.820790 -0.406920 5.213350
-5.117600 -0.110110 5.242070
-5.414410 0.349470 5.146330
-5.510160 0.426070 5.079300
-5.538880 -0.033510 5.184620
-5.634630 -0.119680 5.299520
-5.921870 0.531390 5.242070
-6.189950 0.962240 5.108030
-6.582510 0.646280 4.485680
-6.802730 0.090960 3.825040
-6.735700 -0.033510 3.547370
-6.754850 0.272870 3.614400
-6.860170 0.464370 3.786740
-6.764430 0.493090 3.987800
-7.080390 1.010120 4.284620
-7.147410 1.105860 4.361210
-7.137830 0.722880 4.045250
-7.185710 0.617560 3.719720
-7.434650 0.828200 3.442050
-7.606990 0.952670 3.384610
-7.329330 0.876070 3.231410
