9.387860 -3.394180 2.178210
9.416580 -3.346310 2.254810
9.407000 -3.384610 2.197360
9.397430 -3.355880 2.139910
9.339980 -3.288860 2.044170
9.301690 -3.470780 2.034590
9.186790 -3.585670 2.130340
9.071900 -3.489930 2.254810
8.985730 -3.240990 2.484600
8.775080 -3.126090 3.126090
8.478270 -3.384610 3.853760
8.449550 -3.671840 4.648450
8.899550 -4.169720 5.873990
8.842110 -4.045250 6.812300
8.286780 -4.198450 8.516570
8.909130 -6.142080 11.810220
10.871910 -8.411250 15.869830
12.461290 -8.325080 18.981560
13.217680 -7.664440 19.594340
15.534720 -8.947430 19.584760
19.201780 -11.982560 19.594340
19.594340 -13.131510 19.594340
19.584760 -11.972990 19.594340
19.594340 -11.503840 19.201780
19.594340 -11.953840 15.984730
19.594340 -12.403840 12.355970
19.594340 -11.025110 10.086800
19.594340 -9.502750 8.047420
19.594340 -9.225090 5.749520
19.594340 -9.244240 3.805890
19.402850 -8.037840 2.637790
17.679430 -6.247400 2.139910
15.802810 -5.041010 1.699480
14.117690 -4.131420 0.904800
12.470860 -2.925030 0.359050
10.326160 -1.881400 -0.330320
7.855930 -1.029270 -1.326080
5.491010 0.167550 -2.015450
3.690990 1.067560 -1.527140
2.254810 1.239910 -1.402670
0.923950 0.799480 -1.412250
-0.186700 0.885650 -1.584590
-1.153730 1.469690 -1.843100
-1.814380 2.216510 -1.843100
-3.164390 3.231410 -2.044170
-4.753770 3.288860 -1.996300
-5.299520 2.647370 -1.852680
-5.088880 2.503750 -1.689910
-5.337820 2.972900 -1.077140
-6.055910 3.154820 -0.732450
-6.496340 2.915450 -0.713300
-6.611230 2.819710 -0.971820
-6.946340 3.126090 -0.933520
-7.530390 3.432480 -0.675010
-7.482520 3.384610 -0.215430
-7.262300 3.480350 -0.119680
-7.635710 3.528230 0.014360
-7.922950 3.796310 0.292020
-7.779330 3.959080 0.100530
-7.750610 3.662270 -0.339900
-8.133590 3.796310 -0.483520
-8.535720 4.093120 -0.205850
-8.315510 4.093120 0.052660
-7.903800 4.169720 0.225000
-8.200610 4.370790 0.330320
-8.545290 4.552700 0.205850
-8.535720 4.361210 0.043090
-8.401680 4.121850 0.225000
-8.353800 4.160150 0.406920
-8.420830 4.246320 0.646280
-8.487850 4.093120 0.847350
-8.411250 3.748440 0.923950
-8.372950 3.614400 0.904800
-8.449550 3.509080 0.866500
-8.507000 3.250560 0.904800
-8.382530 3.173970 1.038840
-8.286780 3.193120 1.163310
-8.210190 3.212260 1.249480
-8.315510 3.078220 1.077140
-8.325080 2.628220 0.933520
