12.049580 0.081380 4.428230
12.049580 0.081380 4.830370
11.484690 -0.090960 5.299520
11.254900 0.100530 5.280370
11.886820 0.177130 5.309090
12.528310 0.196280 5.615480
12.681500 -0.330320 5.988890
12.461290 -0.406920 6.295270
12.786830 -0.234580 6.247400
13.313430 -0.847350 6.094210
13.284700 -1.431400 6.391020
12.671930 -1.057990 7.089960
12.499590 -0.062230 7.061240
13.102790 0.100530 6.783580
13.399600 -0.895220 7.042090
12.614480 -0.665430 7.214430
12.930440 -0.205850 6.994220
12.978320 -0.052660 6.936770
12.365540 -0.694160 6.888900
11.858090 -1.010120 7.492090
11.752770 -0.339900 7.788900
11.618730 -0.004790 7.444220
11.053830 -0.426070 7.252730
10.488930 -0.732450 7.051660
10.038930 -0.397340 7.578260
9.186790 -0.023940 7.788900
8.641040 -0.081380 7.741030
8.526150 -0.464370 7.520820
8.334650 -0.081380 7.453800
7.530390 -0.033510 7.434650
6.601660 -0.483520 7.674010
6.046330 -0.320750 7.539970
5.854840 0.000000 7.597410
5.414410 0.186700 7.760180
4.811220 -0.090960 7.779330
3.978230 0.148410 7.808050
3.298440 0.205850 8.009120
2.762260 0.167550 8.248480
2.656940 0.406920 7.894220
2.551620 0.713300 7.654860
1.747360 0.713300 7.472940
0.828200 -0.282450 7.482520
0.330320 -0.339900 7.243150
0.196280 0.215430 7.338900
-0.263300 0.742030 7.300600
-0.933520 0.914370 7.300600
-1.306930 0.789900 7.472940
-1.488840 0.684580 7.319750
-1.776080 0.646280 6.831450
-2.340980 0.397340 6.448470
-2.762260 0.483520 6.525060
-2.819710 0.914370 6.544210
-2.915450 1.144160 6.161230
-3.355880 0.952670 5.835700
-3.892060 0.550540 5.653780
-4.265470 0.311170 5.692080
-4.456960 0.675010 5.558030
-4.667600 1.029270 5.452710
-4.792070 1.038840 5.088880
-5.012280 1.144160 4.878240
-5.232500 1.163310 4.839940
-5.280370 0.981390 4.638870
-5.404840 1.077140 4.121850
-5.969740 1.086710 3.767590
-6.515490 1.211180 3.537800
-6.706980 1.699480 3.576100
-6.630380 1.536720 3.997380
-6.678260 0.914370 3.978230
-6.984640 0.923950 3.432480
-7.118690 1.220760 2.762260
-7.214430 0.923950 2.465450
-7.310180 0.809050 2.226090
-7.195280 1.057990 2.159060
-7.156980 0.990970 2.494170
-6.793150 1.038840 2.589920
-3.662270 0.378200 1.910120
-1.565440 0.186700 1.383520
-1.622890 0.033510 1.507990
-2.542050 0.406920 1.890980
-10.757020 5.797400 -0.493090
