9.531480 -2.963330 2.408000
9.445300 -2.982480 2.436730
9.253810 -2.925030 2.513320
8.918700 -3.011200 2.790980
8.698490 -3.355880 2.915450
8.765510 -3.614400 3.078220
8.880400 -3.260140 3.576100
8.880400 -2.762260 4.275040
8.957000 -2.589920 4.820790
9.301690 -2.829280 5.328240
9.655940 -3.461200 5.806970
9.761260 -4.083550 6.429320
9.761260 -4.351640 7.358050
10.086800 -4.064400 7.798480
10.651700 -3.748440 8.775080
11.216600 -4.370790 10.967660
12.202780 -6.008040 11.867670
12.796400 -6.821870 12.327250
12.719800 -5.988890 13.303850
12.633630 -5.567610 14.069820
13.954920 -6.879320 13.974070
15.965580 -7.482520 13.514490
16.750690 -7.712310 13.016610
16.817710 -8.736790 12.461290
17.459210 -9.608070 11.551710
18.282620 -10.172970 10.096370
18.943270 -10.058080 8.459130
19.393270 -9.665520 7.453800
18.464540 -9.464450 6.582510
17.200700 -9.004870 5.653780
16.023030 -7.559120 5.232500
14.605990 -6.505910 4.562280
13.112360 -5.443140 3.815460
11.111280 -3.556950 2.628220
8.889980 -2.522900 1.699480
6.601660 -2.245230 0.962240
4.734620 -1.402670 0.799480
3.212260 -0.512240 0.646280
2.005870 -0.263300 0.493090
1.125010 0.387770 0.205850
0.138830 1.038840 0.416490
-0.560110 1.048410 0.675010
-1.230330 1.402670 0.186700
-2.283530 2.005870 -0.416490
-3.279290 2.101620 -0.387770
-3.767590 1.871830 -0.359050
-4.141000 2.063320 -0.588840
-4.801640 2.494170 -0.722880
-5.730370 2.714390 -1.345230
-6.343150 3.729290 -1.689910
-6.860170 4.562280 -1.527140
-7.176130 4.495260 -0.943090
-7.463370 4.141000 -0.646280
-7.693160 4.208020 -0.876070
-8.047420 4.849520 -1.000540
-8.392100 5.395260 -1.115440
-8.574020 5.529310 -1.096290
-8.688910 5.108030 -0.885650
-8.918700 4.447380 -0.560110
-8.995300 4.342060 -0.071810
-8.928280 4.792070 0.292020
-8.870830 4.916540 0.435640
-8.822960 4.236740 0.445220
-8.554870 3.556950 0.502660
-8.420830 3.576100 0.761180
-8.411250 4.131420 1.163310
-8.382530 4.571850 1.536720
-8.411250 4.734620 1.479270
-8.363380 4.179300 1.393100
-8.219760 3.959080 1.498420
-8.152740 4.045250 1.498420
-8.028270 3.978230 1.527140
-8.028270 3.901630 1.488840
-8.028270 4.026100 1.565440
-8.047420 4.016530 1.431400
-8.181460 3.758010 1.163310
-8.286780 3.537800 1.000540
-8.191040 3.509080 1.077140
-7.961250 3.585670 1.220760
-8.152740 3.748440 1.211180
