9.550620 -3.059070 2.235660
9.560200 -3.154820 2.120770
9.445300 -3.336730 2.187790
9.483600 -3.183540 2.340980
9.617650 -3.011200 2.513320
9.646370 -3.011200 2.695240
9.474030 -3.020770 2.685660
9.311260 -2.925030 2.685660
9.282540 -3.020770 2.810130
9.263390 -3.212260 2.695240
9.225090 -3.183540 2.944180
9.081470 -3.011200 3.269710
9.014450 -2.800560 3.662270
9.129340 -2.781410 3.892060
9.244240 -3.087800 3.911210
9.244240 -3.758010 3.930360
9.091040 -4.141000 4.638870
8.813380 -3.863340 5.931440
8.928280 -3.489930 7.578260
9.780410 -3.566520 9.770840
10.498510 -4.380360 12.729380
10.737870 -6.802730 15.304930
13.571940 -9.062320 17.689000
16.204940 -8.631470 19.584760
16.281540 -7.741030 19.594340
16.970910 -10.182540 19.594340
19.594340 -13.571940 19.594340
19.594340 -13.600660 19.594340
19.594340 -11.800650 19.594340
19.594340 -11.714480 19.489020
19.594340 -14.242160 15.917710
19.594340 -14.768760 10.986810
19.594340 -12.470860 8.449550
19.594340 -9.205940 6.706980
19.594340 -7.329330 4.073980
19.594340 -7.300600 1.402670
19.594340 -7.032510 0.129260
19.594340 -5.596330 -0.435640
18.493260 -3.643120 -1.096290
15.802810 -1.613310 -2.025020
12.700650 -0.138830 -2.915450
9.809140 0.780330 -3.528230
7.358050 1.804800 -4.351640
5.232500 2.446300 -4.734620
3.767590 2.953750 -4.638870
2.436730 3.451630 -4.638870
1.297350 3.413330 -4.294190
0.292020 2.599490 -3.805890
-0.761180 2.752690 -4.121850
-2.618640 4.868660 -4.725050
-4.945260 5.778250 -4.734620
-6.189950 5.012280 -4.131420
-6.008040 4.322910 -3.585670
-5.625050 4.208020 -3.604820
-6.343150 4.160150 -3.566520
-7.894220 4.543130 -3.212260
-8.545290 5.155900 -2.388850
-8.095290 5.538880 -2.053740
-8.411250 5.615480 -1.488840
-9.311260 5.356970 -0.866500
-9.272960 4.916540 -0.933520
-8.267630 4.610150 -0.828200
-7.798480 4.562280 -0.406920
-7.961250 4.523980 -0.138830
-7.913370 4.495260 -0.090960
-7.999550 4.533550 -0.196280
-8.133590 4.208020 -0.052660
-8.076140 3.987800 0.119680
-7.932520 3.758010 0.311170
-7.779330 3.671840 0.598410
-8.018690 3.796310 0.789900
-8.238910 3.834610 0.665430
-8.076140 3.882480 0.636710
-7.903800 3.911210 0.684580
-8.229340 3.872910 0.607980
-8.459130 3.662270 0.550540
-8.449550 3.403760 0.521810
-8.334650 3.480350 0.655860
-8.430400 3.681420 0.770750
-8.602740 3.547370 0.895220
