10.332331473711 -1.005106959040 1.884461725331
10.346399002145 -0.973515229764 1.915174733617
10.360834080203 -0.939471372836 1.948500825114
10.375785900181 -0.902253420052 1.985225817839
10.391466643454 -0.860904038197 2.026400478120
10.408176496781 -0.814157143988 2.073426673924
10.426337264296 -0.760348623836 2.128164617813
10.446535541602 -0.697316252278 2.193057435158
10.469574051157 -0.622305146446 2.271257439414
10.496524120315 -0.531916236163 2.366715317756
10.528761224912 -0.422169790690 2.484154119497
10.567947402672 -0.288801691832 2.628795364419
10.615901947391 -0.127945999688 2.805655561996
10.674289985381 0.062674164222 3.018250771029
10.744091247298 0.282119198615 3.266745180247
10.824928768334 0.524653796129 3.546038299392
10.914526508596 0.779163900284 3.844843186504
11.008683322896 1.030519171703 4.146898512772
11.101983357534 1.262907153621 4.434503568630
11.189006418525 1.463750048994 4.692952540764
11.265433703598 1.626241485279 4.913652766370
11.328543216305 1.749504591147 5.094650227088
11.377037001676 1.836912192792 5.239002893153
11.410497095148 1.893851980717 5.352374843635
11.428809009637 1.925926490166 5.440992754649
11.431741119538 1.937922585752 5.510405290371
11.418715572156 1.933435975990 5.564967712369
11.388730151871 1.914897118974 5.607791291922
11.340377232440 1.883782822350 5.640920596241
11.271920043130 1.840881840274 5.665587367171
11.181404498152 1.786551529426 5.682465188031
11.066797628426 1.720943426527 5.691896477712
10.926149612334 1.644194320638 5.694086952655
10.757776476549 1.556584664969 5.689271202602
10.560456199112 1.458664600934 5.677853261878
10.333623899963 1.351343795892 5.660522407989
10.077544275868 1.235937691064 5.638339701344
9.793434309655 1.114161805826 5.612787062131
9.483509655883 0.988068873042 5.585769598914
9.150936172664 0.859931020567 5.559564483234
8.799683699246 0.732079554160 5.536715885680
8.434299010572 0.606725129764 5.519884001928
8.059632864675 0.485787516326 5.511664575443
7.680565686444 0.370763861388 5.514400943349
7.301773743466 0.262656749947 5.530011804863
6.927563370356 0.161970456565 5.559854606097
6.561780120912 0.068769528763 5.604638122697
6.207780079793 -0.017217729676 5.664390567397
5.868438304241 -0.096474476665 5.738482968627
5.546167399516 -0.169572945690 5.825702301873
5.242926407409 -0.237073268582 5.924364782082
4.960212378739 -0.299454573853 6.032456567911
4.699039102388 -0.357081123618 6.147786969236
4.459915370749 -0.410199299295 6.268138574358
4.242837027855 -0.458956817933 6.391400036786
4.047303483397 -0.503433991209 6.515670652921
3.872362706262 -0.543677721238 6.639330731449
3.716681741052 -0.579731379367 6.761077025699
3.578634699282 -0.611656725135 6.879927032408
3.456397944055 -0.639546757892 6.995198963060
3.348042640283 -0.663530364661 7.106475420211
3.251617099644 -0.683770703991 7.213558501663
3.165214345083 -0.700459574322 7.316422728467
3.087023186751 -0.713809805914 7.415170414244
3.015363330924 -0.724047244645 7.509992316888
2.948706467331 -0.731403363115 7.601134917906
2.885685964839 -0.736109061464 7.688874573541
2.825097931293 -0.738389861165 7.773498072927
2.765896164781 -0.738462457361 7.855288755470
2.707183115825 -0.736532461490 7.934517194790
2.648198519313 -0.732793109089 8.011435466081
2.588306919317 -0.727424701311 8.086274110606
2.526984938673 -0.720594571074 8.159241047093
2.463808851318 -0.712457400412 8.230521824231
2.398442796128 -0.703155754210 8.300280743629
2.330627815905 -0.692820731438 8.368662499919
2.260171800879 -0.681572665425 8.435794081594
2.186940349925 -0.669521828721 8.501786753060
2.110848523415 -0.656769116078 8.566737997701
2.031853440498 -0.643406691768 8.630733346097
1.949947663999 -0.629518595880 8.693848045986
1.865153313406 -0.615181309449 8.756148553532
1.777516847443 -0.600464281125 8.817693841223
1.687104460499 -0.585430419350 8.878536528112
1.593998040584 -0.570136554243 8.938723844482
