-7.945508585127 5.836934678879 -2.854344101634
-7.942008323002 5.738221124868 -2.820387452974
-7.938008337529 5.637188829884 -2.784798689279
-7.933183939389 5.533388569011 -2.747064037988
-7.927122763653 5.426267289589 -2.706539896002
-7.919295474072 5.315145883158 -2.662415848360
-7.909018667645 5.199193371953 -2.613669016524
-7.895408469966 5.077398036968 -2.559008670882
-7.877323648366 4.948537009368 -2.496810833861
-7.853298036942 4.811147514733 -2.425044281169
-7.821464122211 4.663505572749 -2.341192455303
-7.779473407108 4.503621755791 -2.242181007329
-7.724425368151 4.329268621926 -2.124328615587
-7.652825942588 4.138060085120 -1.983349537464
-7.560608105243 3.927607473122 -1.814448758741
-7.443258631880 3.695776603078 -1.612560466434
-7.296100284164 3.441058873502 -1.372779346409
-7.114766609933 3.163040258871 -1.091009015713
-6.895864711545 2.862902206489 -0.764790204495
-6.637744243123 2.543827047754 -0.394173006571
-6.341194937759 2.211136547974 0.017608513002
-6.009827947008 1.872009043610 0.463951191420
-5.649922195322 1.534728430768 0.935402053204
-5.269667706990 1.207594445719 1.420876499404
-4.877963800334 0.897781477640 1.909292968759
-4.483109679206 0.610472109175 2.391164959648
-4.091750428167 0.348479598930 2.859725271156
-3.708306157993 0.112378749365 3.311373357818
-3.334910454486 -0.099000724156 3.745495751653
-2.971728692803 -0.287929318663 4.163877717787
-2.617470531560 -0.457161806602 4.569957272857
-2.269938233016 -0.609454386699 4.968109239584
-1.926516768185 -0.747245728419 5.363052332586
-1.584573503789 -0.872486173927 5.759392915865
-1.241776196446 -0.986580880092 6.161272043785
-0.896356010804 -1.090413003550 6.572065417378
-0.547342257691 -1.184421887028 6.994090612786
-0.194783007324 -1.268721183941 7.428295549084
0.160055168289 -1.343248585139 7.873932839095
0.514540284195 -1.407940018185 8.328263128225
0.864635959183 -1.462916229817 8.786369863538
1.205036169872 -1.508659915826 9.241194258215
1.529525288916 -1.546151213850 9.683892717330
1.831567801418 -1.576925225443 10.104562863895
2.105058755244 -1.603024108032 10.493280353721
2.345093160625 -1.626840169766 10.841269377029
2.548578175267 -1.650878515171 11.141951290313
2.714542270084 -1.677494037548 11.391626953109
2.844083727245 -1.708664595725 11.589654198958
2.940006914113 -1.745846565345 11.738134776518
3.006271109052 -1.789929332226 11.841254435779
3.047397116832 -1.841276173579 11.904476712649
3.067947451622 -1.899821326846 11.933771473637
3.072142479322 -1.965189560055 11.934994066781
3.063623998305 -2.036811188627 11.913458241182
3.045343978043 -2.114016011720 11.873691298747
3.019541658850 -2.196099266070 11.819330970881
2.987771804488 -2.282359213156 11.753115969088
2.950953857147 -2.372109234618 11.676927526956
2.909420897083 -2.464668167574 11.591849975355
2.862955832953 -2.559332132555 11.498229737443
2.810809215884 -2.655330194224 11.395722000607
2.751698685160 -2.751765517496 11.283322364575
2.683795017401 -2.847543745649 11.159387482506
2.604704826538 -2.941291563115 11.021654817212
2.511465641416 -3.031271190338 10.867277580546
2.400575248736 -3.115301108881 10.692896497554
2.268082667541 -3.190699411683 10.494773957279
2.109770298200 -3.254272701730 10.269015733239
1.921451530898 -3.302377918137 10.011896933420
1.699390693185 -3.331082826079 9.720288337385
1.440819953383 -3.336438529115 9.392145707796
1.144484069313 -3.314851556428 9.026983495334
0.811101742034 -3.263506903902 8.626220178425
0.443613418903 -3.180758409395 8.193276334887
0.047110489334 -3.066386890781 7.733345460393
-0.371585422365 -2.921644757569 7.252840026945
-0.804623990366 -2.749059007679 6.758613967333
-1.243954694406 -2.552033807490 6.257134874221
-1.682097871327 -2.334349551068 5.753791422791
-2.112708348658 -2.099674603203 5.252471215500
-2.530859299203 -1.851185919656 4.755459293049
-2.933056965668 -1.591350940918 4.263626252029
-3.317054991861 -1.321877082307 3.776823480552
-3.681559672413 -1.043801886421 3.294386525206
-4.025911008957 -0.757680614241 2.815655625154
-4.349802513963 -0.463824892142 2.340440603441
-4.653076963969 -0.162549755632 1.869375754559
-4.935612274468 0.145607500067 1.404126374882
-5.197293392260 0.459726307012 0.947424503512
-5.438052559628 0.778420696756 0.502930803283
-5.657951409374 1.099845676620 0.074943370564
-5.857274636279 1.421787627398 -0.332000648466
-6.036607098482 1.741819732339 -0.713565228698
-6.196873841163 2.057492259792 -1.066025177455
-6.339333841977 2.366523090436 -1.386582535079
-6.465530142840 2.666957532565 -1.673550117751
-6.577208260783 2.957276675829 -1.926392487316
-6.676219352349 3.236446667097 -2.145641966278
-6.764424339583 3.503913335752 -2.332725335307
-6.843611411755 3.759554742664 -2.489743121043
-6.915433979804 4.003607579763 -2.619239616886
-6.981371056640 4.236582639767 -2.723991994584
-7.042708242649 4.459181370548 -2.806835286497
-7.100535336410 4.672221424629 -2.870529722297
-7.155755860669 4.876575274505 -2.917669411187
-7.209104049091 5.073122995096 -2.950626912337
-7.261165621487 5.262718367257 -2.971526320368
-7.312399628321 5.446166408649 -2.982237325624
-7.363159546755 5.624210055499 -2.984383544087
-7.413712552264 5.797523759611 -2.979359679448
-7.464256441991 5.966712033039 -2.968353411763
-7.514934063034 6.132311330916 -2.952369102676
-7.565845333972 6.294794026813 -2.932251383316
-7.617057078225 6.454573560589 -2.908707435456
