9.952760 -1.948420 2.532470
10.172970 -2.053740 3.097370
10.307010 -1.910120 3.442050
10.804890 -2.025020 3.662270
10.996380 -2.522900 3.269710
11.015530 -3.346310 2.905880
11.072980 -3.317590 3.288860
11.293190 -2.685660 4.322910
11.580430 -2.015450 4.753770
12.461290 -1.785660 4.744190
12.940020 -2.235660 4.485680
12.394270 -3.126090 4.437810
11.934690 -3.595250 4.677170
12.557040 -3.375030 4.897390
13.399600 -2.743110 5.021860
13.409170 -2.436730 5.002710
12.959170 -2.637790 5.041010
13.255980 -2.781410 4.782490
13.897470 -2.647370 4.552700
13.600660 -2.819710 4.370790
13.150660 -3.145240 4.275040
12.968740 -3.279290 3.911210
13.112360 -3.087800 3.853760
13.007040 -3.030350 3.461200
12.576190 -3.049500 3.279290
12.643210 -3.068650 3.097370
12.049580 -2.867580 3.116520
11.207020 -2.637790 3.049500
10.843190 -2.762260 3.566520
10.297440 -2.781410 4.016530
10.125100 -2.168640 4.073980
10.259140 -1.584590 4.073980
9.847440 -1.488840 4.026100
9.129340 -1.383520 4.073980
8.478270 -1.575020 4.284620
8.095290 -1.632460 4.552700
8.056990 -1.354800 4.409090
8.009120 -1.048410 4.610150
7.683580 -0.694160 4.878240
7.300600 -0.378200 4.964410
6.927190 -0.607980 4.916540
6.706980 -1.048410 4.993130
6.371870 -1.201610 5.050580
6.410170 -0.761180 5.031430
6.237830 -0.110110 5.050580
5.873990 0.177130 5.596330
5.682500 0.320750 5.988890
5.443140 0.761180 5.969740
5.194200 1.182460 5.950590
4.926110 1.220760 6.400590
4.456960 1.498420 6.553790
4.179300 1.833530 6.525060
4.073980 2.063320 6.467620
3.920780 2.388850 6.525060
3.729290 2.417580 6.687830
3.595250 2.503750 6.783580
3.681420 2.618640 6.592080
3.729290 2.542050 6.371870
3.480350 2.484600 6.955920
3.346310 2.321830 7.022940
3.489930 2.206940 7.243150
3.987800 2.178210 6.984640
4.322910 2.187790 7.367620
3.968660 2.206940 7.779330
3.844190 2.139910 7.894220
4.121850 2.685660 7.884650
4.236740 3.346310 8.143160
3.767590 3.442050 8.727210
3.375030 2.810130 8.708060
3.748440 2.072890 8.191040
3.949510 1.795230 7.999550
3.422910 1.575020 8.382530
3.020770 1.412250 8.526150
3.451630 1.747360 8.468700
4.121850 2.206940 8.439980
4.054830 2.178210 8.708060
3.068650 1.498420 8.851680
2.886730 0.809050 8.641040
3.892060 0.971820 8.507000
4.456960 1.440970 8.870830
3.652690 1.536720 8.995300
3.068650 1.259050 8.861260
3.556950 1.077140 8.545290
3.997380 1.153730 8.430400
3.269710 1.182460 8.755940
2.589920 1.029270 9.119770
3.279290 1.010120 9.177220
4.246320 1.393100 9.426150
4.562280 1.680340 9.407000
4.054830 1.661190 9.474030
3.403760 1.565440 9.292110
3.547370 1.306930 9.071900
3.987800 1.230330 8.822960
3.844190 1.412250 8.755940
3.126090 1.594160 8.813380
2.867580 1.613310 8.918700
3.384610 1.642040 8.937850
3.796310 1.776080 8.870830
3.489930 1.756930 8.832530
3.087800 1.642040 8.813380
