10.508080 -2.044170 2.264380
10.297440 -2.580340 2.130340
10.287870 -2.666510 2.484600
10.450630 -2.599490 2.743110
10.891060 -2.245230 2.925030
11.379360 -1.766510 2.867580
11.312340 -1.651610 2.819710
10.919790 -2.293110 2.953750
10.622970 -2.656940 3.240990
10.852760 -1.996300 3.451630
11.408090 -1.364370 3.470780
11.494260 -1.507990 3.288860
11.053830 -2.206940 3.231410
10.757020 -2.704810 3.030350
10.757020 -2.647370 3.011200
10.862340 -2.369700 3.135670
11.005960 -2.130340 3.173970
11.025110 -2.149490 3.154820
10.718720 -2.542050 3.260140
10.316590 -2.513320 3.422910
10.412330 -2.360130 3.499500
10.747440 -2.187790 3.470780
10.824040 -2.427150 3.346310
10.335740 -2.570770 3.556950
10.096370 -2.609070 3.844190
10.287870 -2.408000 3.796310
10.594250 -2.130340 3.719720
10.278290 -2.312260 3.959080
9.617650 -2.915450 4.322910
9.521900 -2.867580 4.409090
10.048500 -2.111190 4.562280
10.211270 -1.565440 4.715470
9.761260 -1.833530 4.648450
9.426150 -2.475020 4.734620
9.301690 -2.513320 4.849520
9.550620 -2.034590 4.926110
9.665520 -1.115440 4.926110
9.512330 -0.866500 5.098450
8.918700 -1.096290 5.376120
8.516570 -1.460120 5.318670
8.507000 -1.632460 5.031430
8.449550 -1.689910 4.820790
8.248480 -1.584590 4.983560
7.951670 -1.575020 5.491010
7.693160 -1.642040 5.730370
7.712310 -1.412250 5.682500
7.798480 -1.067560 5.615480
7.664440 -0.952670 5.883570
7.377200 -1.134590 6.266550
7.147410 -1.364370 6.218680
7.243150 -1.105860 6.170800
7.185710 -0.627130 6.381440
6.783580 -0.703730 6.477190
6.553790 -0.923950 6.639960
6.678260 -0.770750 6.649530
6.793150 -0.540960 6.659110
6.553790 -0.263300 6.697400
6.218680 -0.100530 6.563360
5.883570 -0.110110 6.515490
5.605900 -0.272870 6.314420
5.519730 -0.540960 6.343150
5.299520 -0.818620 6.314420
4.897390 -1.268630 6.706980
4.686750 -1.373950 7.022940
4.820790 -1.057990 7.338900
4.887810 -0.378200 8.171890
4.820790 0.330320 8.717640
4.983560 0.473940 8.784660
4.887810 0.368620 8.966580
4.523980 -0.263300 8.976150
4.658020 -0.703730 8.516570
5.117600 -0.004790 7.769760
5.452710 0.780330 7.386770
5.127180 0.378200 7.128260
4.447380 -0.703730 6.697400
4.179300 -1.172880 6.161230
4.275040 -0.799480 5.873990
4.026100 -0.512240 6.496340
3.576100 -0.397340 7.128260
3.805890 -0.052660 7.549540
4.466530 1.077140 7.674010
4.782490 2.053740 8.124010
4.217590 2.226090 8.822960
3.489930 1.555870 9.091040
3.738870 1.086710 8.918700
4.399510 1.383520 8.631470
4.610150 1.555870 8.219760
4.035680 1.421820 8.191040
3.509080 0.751600 8.210190
3.777160 0.033510 8.181460
4.217590 0.397340 8.219760
4.380360 1.105860 8.143160
4.208020 1.345230 8.478270
3.719720 0.770750 8.679340
3.930360 0.292020 8.535720
4.428230 0.761180 8.459130
4.313340 1.402670 8.803810
3.815460 1.259050 8.813380
4.150570 0.876070 8.755940
4.466530 0.933520 8.813380
