11.743200 -3.901630 2.082470
11.484690 -4.849520 2.312260
10.680420 -5.433560 3.011200
10.326160 -5.242070 3.317590
11.044250 -4.983560 3.097370
11.848520 -5.050580 2.867580
11.704900 -5.194200 2.829280
11.197450 -5.002710 3.078220
10.919790 -4.993130 2.896300
10.757020 -5.797400 2.494170
10.766590 -6.879320 2.360130
11.120850 -7.377200 2.599490
11.092130 -6.659110 2.733540
11.101700 -6.189950 2.752690
11.130430 -6.304850 2.743110
11.628300 -6.946340 3.279290
11.685750 -6.984640 3.623970
11.360220 -6.496340 3.269710
11.140000 -6.927190 2.896300
10.843190 -7.176130 2.877160
10.824040 -6.649530 3.413330
10.488930 -5.184620 3.643120
10.268720 -4.782490 3.738870
9.502750 -5.184620 3.815460
8.688910 -5.845270 3.978230
8.334650 -5.452710 4.083550
8.305930 -4.753770 4.198450
7.808050 -4.073980 3.987800
7.137830 -3.834610 4.236740
6.544210 -3.758010 4.562280
6.381440 -3.576100 4.811220
6.180380 -3.202690 5.050580
5.854840 -2.953750 4.897390
5.443140 -2.532470 4.887810
5.203770 -2.216510 5.395260
5.577180 -1.900550 5.893140
5.644200 -1.709060 6.266550
4.983560 -1.268630 6.888900
4.552700 -1.172880 6.726130
4.629300 -1.249480 5.950590
4.763340 -1.393100 5.854840
4.533550 -0.981390 6.304850
4.141000 -0.607980 6.668680
3.652690 -0.550540 6.678260
3.834610 -0.703730 6.630380
4.409090 -0.981390 6.726130
4.456960 -1.239910 6.879320
3.777160 -0.627130 7.396350
3.796310 0.339900 7.932520
4.208020 0.895220 8.229340
3.920780 0.655860 8.143160
3.173970 -0.435640 7.817630
3.011200 -1.096290 7.827200
3.499500 -0.550540 8.258060
3.604820 0.263300 8.899550
2.810130 0.722880 9.474030
2.197360 0.560110 9.253810
2.264380 0.339900 9.052750
2.867580 0.004790 9.110190
3.106940 -0.244150 9.091040
2.570770 -0.110110 9.100620
2.331410 0.014360 9.081470
2.685660 -0.234580 9.052750
2.723960 -0.675010 9.167640
2.082470 -0.847350 9.292110
1.910120 -0.923950 9.234660
2.350550 -1.201610 8.985730
2.609070 -1.642040 8.669760
2.159060 -1.766510 8.842110
1.776080 -1.393100 9.339980
2.187790 -0.646280 9.904880
2.580340 -0.167550 9.914460
2.178210 -0.406920 9.512330
1.622890 -1.000540 9.052750
1.642040 -1.373950 9.091040
2.302680 -1.172880 9.378280
2.618640 -0.713300 9.483600
1.996300 -0.627130 9.502750
1.632460 -1.010120 9.292110
2.063320 -1.393100 9.110190
2.178210 -1.460120 9.215510
1.728210 -1.440970 9.349560
1.402670 -1.431400 9.474030
1.766510 -1.278200 9.445300
2.302680 -1.096290 9.493180
2.551620 -1.163310 9.636790
2.197360 -1.134590 9.665520
2.025020 -1.163310 9.512330
2.178210 -1.067560 9.359130
2.388850 -0.904800 9.301690
2.340980 -0.780330 9.493180
2.005870 -0.789900 9.339980
1.756930 -0.933520 9.091040
1.967570 -1.211180 8.918700
2.235660 -1.268630 8.870830
2.044170 -1.144160 8.909130
1.709060 -0.933520 9.033600
1.843100 -0.809050 9.158070
2.206940 -0.780330 9.071900
2.398430 -0.971820 8.957000
