10.182540 -1.689910 -0.742030
10.105950 -1.785660 -0.789900
10.249570 -1.795230 -0.828200
10.383610 -1.785660 -0.856920
10.287870 -1.776080 -0.856920
10.192120 -1.804800 -0.866500
10.134670 -1.776080 -0.818620
10.230420 -1.776080 -0.809050
10.383610 -1.709060 -0.732450
10.278290 -1.737780 -0.722880
10.192120 -1.929270 -0.742030
10.201690 -1.929270 -0.694160
10.105950 -1.795230 -0.684580
10.115520 -1.814380 -0.655860
10.153820 -1.804800 -0.665430
10.201690 -1.651610 -0.311170
10.307010 -1.326080 0.445220
10.804890 -1.555870 0.914370
11.005960 -1.929270 0.761180
10.824040 -1.977150 1.019690
10.517650 -2.149490 1.747360
9.722970 -2.340980 2.379280
9.512330 -2.752690 3.413330
9.770840 -3.106940 3.901630
10.431480 -2.867580 4.552700
10.910210 -2.455870 5.328240
11.168730 -3.164390 4.993130
12.040010 -5.864420 4.658020
12.509160 -7.808050 4.897390
11.886820 -7.415500 5.356970
11.867670 -6.525060 5.720800
12.911300 -6.745280 5.347390
13.935770 -8.267630 4.495260
13.859180 -9.770840 4.342060
13.658110 -9.847440 4.160150
14.682590 -9.416580 3.623970
15.821960 -8.880400 2.522900
16.224090 -8.679340 1.575020
15.553870 -8.583590 0.809050
15.218760 -9.062320 0.684580
14.634720 -8.928280 0.301600
14.462370 -8.248480 0.043090
14.749610 -7.185710 -0.665430
14.471950 -6.793150 -1.661190
13.667690 -6.783580 -1.057990
12.844270 -6.850600 0.560110
12.442140 -6.189950 0.943090
12.758100 -5.021860 0.119680
12.164480 -4.495260 -1.144160
11.111280 -4.734620 -0.186700
10.115520 -5.021860 0.780330
10.182540 -4.131420 1.584590
10.364460 -2.532470 1.747360
9.924030 -1.220760 1.546290
9.225090 -0.952670 1.737780
8.248480 -1.192030 2.149490
7.616560 -1.220760 3.059070
7.118690 -0.751600 3.375030
6.841020 -0.225000 3.422910
6.563360 0.272870 3.547370
6.448470 0.244150 3.901630
6.065480 0.560110 4.370790
5.739950 0.493090 4.772920
5.634630 0.110110 5.232500
5.462290 0.378200 5.356970
5.538880 0.856920 5.663350
5.318670 1.555870 5.739950
5.213350 1.804800 6.132510
5.261220 1.613310 6.601660
5.548460 1.440970 6.965490
4.504830 1.412250 7.846350
4.399510 1.460120 8.018690
4.112270 1.086710 8.372950
4.006950 0.579260 8.641040
4.188870 0.225000 8.775080
4.255890 0.320750 8.583590
4.054830 0.531390 8.650620
3.719720 0.282450 8.746360
3.853760 0.196280 8.851680
4.275040 0.445220 8.928280
5.462290 2.015450 6.984640
5.108030 1.833530 7.070810
4.945260 1.373950 6.764430
5.069730 1.172880 6.697400
4.849520 1.460120 6.898470
4.342060 1.479270 7.348470
4.198450 1.057990 7.549540
4.523980 0.732450 7.788900
4.495260 0.990970 8.143160
4.409090 1.364370 8.018690
3.528230 -0.320750 8.861260
3.968660 -0.167550 8.937850
3.710140 -0.272870 9.071900
3.566520 -0.292020 9.205940
3.853760 -0.387770 9.110190
3.863340 -0.359050 8.995300
3.489930 -0.435640 8.947430
3.365460 -0.694160 8.976150
3.528230 -0.579260 9.186790
3.777160 -0.177130 9.330410
