10.575100 -2.350550 1.862250
10.699570 -2.235660 2.101620
10.622970 -2.254810 2.187790
10.565530 -2.379280 2.216510
10.469780 -2.264380 2.513320
10.460210 -2.082470 2.656940
10.843190 -1.958000 2.723960
10.881490 -1.843100 2.838860
10.527230 -1.890980 2.934600
10.431480 -2.197360 2.800560
10.469780 -2.503750 2.819710
10.527230 -2.618640 3.011200
10.757020 -2.178210 3.346310
10.718720 -1.440970 3.528230
10.824040 -1.259050 3.585670
10.804890 -1.651610 3.710140
10.527230 -2.197360 3.738870
10.670850 -2.197360 3.911210
10.795320 -1.737780 3.815460
10.852760 -1.316500 3.786740
10.613400 -1.603740 3.901630
10.172970 -2.139910 3.911210
10.192120 -2.005870 3.815460
10.211270 -1.689910 3.815460
9.904880 -1.756930 4.064400
9.780410 -1.843100 4.303770
9.809140 -1.622890 4.447380
9.818710 -1.297350 4.591000
9.770840 -1.230330 4.648450
9.655940 -1.431400 4.552700
9.579350 -1.536720 4.581430
9.378280 -1.383520 4.725050
9.215510 -1.019690 4.964410
8.995300 -0.799480 5.031430
8.861260 -0.904800 5.108030
8.650620 -1.163310 5.261220
8.497420 -1.345230 5.270800
8.487850 -1.201610 5.337820
8.372950 -0.837770 5.471860
8.076140 -0.722880 5.625050
7.961250 -0.923950 5.816550
7.865500 -0.646280 6.017610
7.760180 -0.263300 6.256970
7.731460 -0.339900 6.189950
7.760180 -0.464370 6.036760
7.559120 -0.339900 5.988890
7.147410 -0.445220 6.046330
7.022940 -0.809050 6.075060
7.032510 -0.722880 6.027190
6.975070 -0.196280 6.247400
6.764430 0.081380 6.458040
6.697400 0.330320 6.639960
6.716550 0.368620 6.764430
6.611230 0.320750 6.706980
6.505910 0.339900 6.544210
6.362300 0.560110 6.601660
6.132510 0.675010 6.793150
5.816550 0.675010 6.841020
5.749520 0.473940 6.936770
5.730370 0.445220 6.955920
5.720800 0.521810 6.888900
5.797400 0.684580 7.032510
5.529310 1.019690 7.156980
5.385690 1.000540 7.310180
5.548460 0.751600 7.128260
5.663350 0.607980 7.176130
5.519730 0.675010 7.204860
5.356970 0.751600 7.300600
5.443140 1.172880 7.511240
5.634630 1.594160 7.674010
5.567610 1.776080 7.760180
5.337820 1.862250 7.635710
5.194200 1.833530 7.434650
5.242070 1.546290 7.367620
4.906960 1.460120 7.386770
4.715470 1.613310 7.472940
4.820790 1.661190 7.616560
4.954840 1.843100 7.693160
4.705900 2.120770 7.989970
4.303770 2.053740 8.258060
4.571850 1.737780 8.487850
5.069730 1.890980 8.526150
5.184620 2.063320 8.162310
4.830370 1.823950 8.162310
4.476110 1.393100 8.095290
4.619720 1.268630 8.047420
4.954840 1.498420 7.808050
4.945260 1.919700 7.817630
4.456960 2.005870 7.808050
4.198450 1.670760 7.731460
4.380360 1.651610 7.501670
4.523980 1.862250 7.587840
4.380360 1.900550 7.817630
4.294190 2.044170 8.114440
4.523980 2.436730 8.353800
4.629300 2.762260 8.248480
4.485680 2.484600 8.076140
4.523980 1.785660 7.980400
4.619720 1.421820 7.951670
4.418660 1.785660 8.143160
