9.665520 -2.005870 0.043090
9.378280 -2.082470 0.138830
9.483600 -2.264380 0.119680
10.010200 -2.283530 0.148410
10.192120 -2.206940 0.234580
10.105950 -2.398430 0.272870
10.153820 -2.695240 0.253730
10.326160 -2.896300 0.244150
10.316590 -2.800560 0.205850
10.402760 -2.532470 0.311170
10.421910 -2.197360 0.263300
10.259140 -2.015450 0.282450
10.134670 -2.178210 0.263300
10.010200 -2.312260 0.186700
9.837860 -2.331410 0.196280
9.770840 -2.264380 0.282450
9.694240 -2.369700 0.368620
9.924030 -2.312260 0.483520
10.364460 -2.388850 0.550540
10.307010 -2.408000 0.866500
10.029350 -2.331410 1.278200
9.895310 -2.044170 1.919700
10.115520 -1.670760 2.302680
10.929360 -1.134590 2.235660
10.900640 -1.239910 2.446300
9.914460 -1.900550 2.743110
9.541050 -2.120770 3.499500
9.531480 -1.651610 4.169720
9.818710 -2.178210 3.997380
10.402760 -3.576100 4.504830
10.364460 -4.313340 5.108030
10.833610 -5.088880 5.251650
11.331490 -6.046330 4.945260
11.484690 -6.620810 5.759100
11.082550 -6.582510 7.099540
10.651700 -7.319750 6.869750
11.685750 -8.784660 5.653780
12.547460 -9.789990 5.108030
12.193200 -9.646370 5.471860
12.030440 -9.474030 5.739950
13.160230 -10.441060 4.887810
14.041090 -11.283620 4.476110
13.945350 -10.938940 3.662270
13.591090 -10.766590 3.212260
13.284700 -10.948510 2.589920
13.457050 -10.661270 2.379280
13.399600 -9.751690 2.092040
13.102790 -8.755940 1.488840
12.681500 -7.674010 1.220760
12.059160 -6.075060 1.488840
11.168730 -4.485680 1.823950
9.675090 -3.461200 2.025020
8.727210 -3.690990 1.766510
8.143160 -4.006950 1.211180
7.233580 -3.700570 1.364370
6.477190 -2.972900 2.302680
6.438890 -2.321830 2.992050
6.237830 -1.766510 3.193120
5.318670 -1.555870 3.288860
4.169720 -1.354800 3.269710
3.623970 -0.818620 4.054830
3.805890 0.157980 4.543130
4.141000 0.531390 5.060160
3.825040 0.167550 5.376120
3.470780 -0.253730 5.912290
3.327160 0.186700 6.544210
3.308010 0.646280 7.051660
3.193120 0.617560 7.568690
3.039920 0.138830 7.693160
2.992050 -0.751600 7.597410
2.905880 -1.268630 7.616560
2.867580 -1.134590 7.511240
2.790980 -0.799480 7.942100
2.704810 -0.646280 8.315510
2.762260 -1.077140 8.516570
2.446300 -1.642040 8.497420
1.938850 -1.996300 8.411250
1.776080 -1.929270 8.746360
2.111190 -1.259050 8.947430
2.254810 -0.703730 9.215510
1.996300 -0.636710 9.253810
1.785660 -1.153730 9.397430
1.833530 -1.661190 9.521900
2.264380 -1.938850 9.464450
2.072890 -1.709060 9.493180
1.536720 -1.335650 9.531480
1.354800 -1.431400 9.636790
1.536720 -1.498420 9.502750
1.890980 -1.335650 9.531480
1.699480 -1.057990 9.761260
1.153730 -1.163310 9.837860
1.010120 -1.431400 9.694240
1.373950 -1.584590 9.722970
1.728210 -1.259050 9.655940
1.747360 -1.125010 9.579350
1.421820 -1.373950 9.493180
1.239910 -1.871830 9.521900
1.622890 -2.063320 9.560200
2.034590 -1.996300 9.560200
1.709060 -1.785660 9.541050
