10.460210 -0.263300 -0.215430
10.374040 -0.320750 -0.349470
10.316590 -0.215430 -0.311170
10.316590 -0.110110 -0.282450
10.335740 -0.100530 -0.282450
10.326160 -0.062230 -0.282450
10.268720 -0.062230 -0.359050
10.201690 -0.129260 -0.406920
10.192120 -0.138830 -0.426070
10.354890 -0.167550 -0.493090
10.393190 -0.186700 -0.512240
10.374040 -0.186700 -0.454790
10.297440 -0.167550 -0.435640
10.297440 -0.225000 -0.339900
10.297440 -0.234580 -0.263300
10.402760 -0.253730 -0.167550
10.441060 -0.244150 -0.052660
10.431480 -0.301600 0.110110
10.431480 -0.177130 0.349470
10.450630 -0.014360 0.732450
10.354890 0.157980 0.761180
10.527230 -0.119680 0.770750
10.412330 -0.387770 0.914370
10.019780 -0.426070 1.201610
9.943180 -0.368620 2.120770
10.412330 -0.531390 2.800560
11.187870 -0.694160 3.260140
11.513410 -0.234580 3.748440
11.637880 0.023940 3.892060
11.408090 -0.378200 3.595250
11.283620 -1.115440 3.087800
11.618730 -1.709060 3.336730
11.551710 -1.948420 3.805890
11.369790 -2.044170 3.901630
11.791070 -2.197360 3.863340
12.729380 -2.245230 3.777160
13.619810 -2.101620 4.035680
13.284700 -1.776080 4.217590
12.729380 -1.105860 4.284620
13.447470 -0.655860 4.265470
14.290030 -0.981390 3.844190
14.117690 -1.833530 3.403760
13.485770 -2.561200 3.126090
13.351730 -2.723960 3.288860
13.619810 -1.938850 3.260140
13.954920 -1.000540 3.020770
13.667690 -0.675010 2.934600
13.121940 -1.125010 2.915450
12.825120 -1.306930 3.030350
12.394270 -1.038840 3.145240
12.269800 -1.182460 3.231410
12.135760 -1.373950 2.810130
11.599580 -2.235660 1.067560
11.590010 -3.020770 2.810130
10.144250 -1.105860 3.451630
10.402760 0.081380 3.805890
10.412330 0.675010 4.169720
9.636790 0.454790 3.901630
9.167640 0.023940 3.968660
8.574020 0.330320 4.466530
7.817630 0.387770 5.385690
7.463370 0.636710 5.529310
7.539970 1.345230 5.538880
7.329330 1.661190 5.318670
6.362300 1.546290 5.404840
5.347390 1.067560 5.222920
5.337820 0.493090 4.734620
5.902720 0.684580 4.772920
6.142080 1.000540 5.146330
5.251650 1.268630 5.529310
4.255890 1.134590 5.605900
4.428230 0.990970 6.036760
5.079300 1.431400 6.180380
4.964410 1.383520 5.969740
3.997380 1.536720 6.170800
3.585670 1.938850 5.969740
3.959080 2.044170 6.113360
4.035680 2.092040 6.515490
3.489930 2.139910 6.793150
2.858010 2.101620 6.438890
2.829280 1.776080 6.266550
3.336730 1.747360 7.118690
3.576100 1.938850 7.846350
3.509080 2.025020 8.104870
3.489930 2.264380 8.114440
3.451630 1.239910 8.679340
3.375030 1.086710 8.918700
3.135670 1.115440 8.918700
3.116520 1.153730 8.736790
3.193120 0.809050 8.535720
3.049500 0.359050 8.545290
3.001620 -0.023940 8.928280
3.183540 0.196280 9.445300
3.556950 0.885650 9.789990
3.710140 1.469690 9.799560
3.719720 1.613310 9.694240
3.566520 1.402670 9.799560
3.336730 1.278200 9.847440
3.451630 1.278200 9.770840
3.509080 1.297350 9.560200
