10.833610 -1.498420 0.004790
10.651700 -1.603740 0.320750
10.163400 -1.575020 0.636710
10.153820 -1.565440 0.722880
9.914460 -1.488840 0.923950
9.914460 -1.287780 0.971820
10.747440 -1.766510 1.038840
10.220840 -1.862250 1.259050
9.895310 -2.245230 1.766510
9.924030 -2.063320 2.168640
10.498510 -1.632460 2.273960
10.967660 -1.776080 2.216510
10.938940 -2.599490 2.264380
10.613400 -3.049500 2.513320
10.364460 -3.193120 2.589920
10.958080 -3.020770 2.676090
11.762350 -2.905880 2.867580
11.388940 -3.202690 3.240990
10.546380 -3.671840 3.556950
10.680420 -3.997380 3.566520
12.087880 -4.313340 3.403760
12.853850 -4.591000 3.509080
12.011290 -4.418660 3.939930
11.829370 -4.409090 3.882480
12.882570 -4.744190 3.614400
13.610240 -5.510160 3.499500
13.160230 -6.132510 3.585670
12.624060 -5.778250 3.872910
13.255980 -4.973980 3.681420
14.175140 -4.428230 3.442050
13.744280 -4.868660 3.298440
12.805980 -5.175050 3.154820
13.007040 -4.906960 2.867580
13.648540 -4.581430 2.513320
13.734710 -4.792070 2.168640
12.987890 -4.571850 2.063320
12.183630 -4.246320 2.226090
11.819790 -3.939930 2.168640
11.934690 -3.758010 2.159060
11.657030 -3.537800 1.823950
11.245320 -3.681420 2.321830
10.163400 -3.442050 2.972900
9.809140 -2.858010 2.810130
10.115520 -1.967570 2.082470
10.038930 -2.149490 1.517570
9.512330 -3.039920 1.938850
8.315510 -2.944180 3.011200
8.009120 -1.163310 3.777160
8.344230 0.282450 4.275040
8.095290 0.090960 4.456960
7.530390 0.090960 4.332490
7.233580 0.215430 4.284620
6.678260 0.397340 4.246320
6.113360 0.320750 4.562280
5.443140 0.579260 4.466530
5.021860 0.722880 4.677170
4.993130 0.933520 4.801640
4.993130 1.527140 5.213350
4.629300 1.996300 5.778250
3.614400 2.216510 6.448470
2.953750 2.206940 6.764430
3.164390 2.446300 6.649530
3.997380 2.465450 6.544210
4.456960 2.168640 6.295270
4.198450 1.048410 6.563360
4.294190 1.029270 8.267630
4.839940 1.565440 8.439980
4.629300 1.929270 8.688910
3.863340 1.306930 8.842110
3.595250 0.473940 8.708060
4.208020 0.023940 8.219760
4.514410 0.435640 8.076140
4.073980 0.828200 8.487850
3.528230 0.598410 8.727210
3.978230 0.473940 8.918700
3.518650 0.004790 8.784660
3.633550 0.052660 8.842110
4.188870 0.387770 8.937850
4.294190 0.694160 8.899550
3.949510 0.607980 9.004870
3.700570 0.397340 8.832530
3.882480 0.205850 8.679340
4.188870 0.004790 8.631470
4.265470 -0.023940 8.478270
4.016530 -0.043090 8.574020
3.652690 0.043090 8.803810
3.786740 0.110110 8.842110
4.294190 0.263300 8.909130
4.456960 0.445220 9.062320
3.997380 0.359050 9.014450
3.623970 0.090960 8.765510
3.805890 -0.090960 8.564440
4.083550 -0.081380 8.631470
4.093120 0.081380 8.889980
3.939930 0.186700 9.024020
4.026100 0.253730 9.062320
4.121850 0.234580 8.899550
4.064400 0.023940 8.861260
4.035680 -0.157980 8.775080
4.045250 -0.148410 8.784660
