10.354890 -1.163310 -0.885650
10.393190 -1.153730 -0.866500
10.259140 -1.153730 -0.904800
10.230420 -1.125010 -0.914370
10.354890 -1.000540 -0.923950
10.297440 -0.952670 -0.885650
10.134670 -1.086710 -0.914370
10.211270 -1.182460 -1.000540
10.345310 -1.201610 -1.048410
10.316590 -1.220760 -1.172880
10.364460 -1.192030 -1.153730
10.460210 -1.125010 -1.077140
10.565530 -0.990970 -1.010120
10.555950 -0.818620 -0.866500
10.469780 -0.904800 -0.675010
10.412330 -1.048410 -0.186700
10.153820 -1.000540 -0.062230
10.354890 -1.498420 0.263300
10.565530 -1.603740 0.550540
10.603830 -1.622890 1.029270
10.326160 -1.785660 1.373950
10.307010 -2.149490 1.689910
10.374040 -2.264380 2.005870
10.431480 -2.388850 2.264380
10.488930 -2.532470 2.264380
11.025110 -2.762260 2.714390
11.063400 -1.948420 3.547370
10.450630 -1.268630 3.911210
10.938940 -1.259050 4.552700
12.126180 -1.364370 4.543130
12.585760 -2.436730 5.012280
12.355970 -3.308010 5.041010
13.083640 -3.758010 4.131420
14.366630 -3.796310 3.336730
14.720890 -4.303770 3.231410
14.050670 -5.108030 3.566520
13.725130 -5.567610 3.643120
14.385780 -5.155900 2.877160
15.486850 -4.744190 2.369700
15.142170 -4.954840 2.484600
13.897470 -5.385690 2.647370
13.868750 -5.184620 2.331410
14.931530 -4.361210 1.689910
15.094300 -3.805890 1.642040
13.964500 -4.121850 1.737780
13.361300 -4.543130 1.986720
13.265550 -3.853760 1.613310
13.418750 -3.212260 1.488840
13.160230 -3.288860 1.469690
12.700650 -3.652690 1.345230
11.724050 -3.528230 1.431400
10.814470 -3.039920 1.766510
10.460210 -2.704810 1.709060
10.278290 -2.436730 1.575020
9.742120 -2.503750 1.900550
8.717640 -2.570770 2.379280
8.191040 -2.149490 2.685660
8.181460 -1.622890 2.858010
7.760180 -0.923950 2.781410
7.271880 -1.316500 3.288860
6.515490 -2.005870 4.160150
5.941020 -2.178210 4.715470
5.979310 -1.354800 4.744190
6.458040 -0.292020 5.356970
6.620810 0.148410 5.941020
6.228250 0.000000 6.448470
5.577180 -0.033510 6.592080
5.538880 0.043090 6.754850
5.921870 0.244150 6.735700
6.036760 0.138830 6.505910
5.443140 -0.014360 6.218680
5.079300 -0.588840 6.027190
4.935690 -0.560110 5.835700
4.859090 0.000000 6.075060
4.677170 0.560110 6.285700
4.485680 0.990970 6.324000
4.313340 1.297350 6.754850
4.361210 1.689910 7.291030
4.198450 2.618640 7.568690
3.959080 3.595250 7.674010
4.016530 3.834610 7.338900
3.681420 1.507990 8.966580
3.777160 1.689910 9.148490
3.719720 1.536720 9.292110
3.690990 1.029270 9.091040
3.710140 0.569690 8.755940
3.595250 0.607980 8.574020
3.528230 0.646280 8.459130
3.384610 0.675010 8.507000
3.269710 0.933520 8.870830
3.212260 1.373950 9.234660
3.269710 1.814380 9.186790
3.231410 1.967570 9.129340
3.106940 1.718630 9.014450
2.982480 1.163310 8.928280
3.078220 0.876070 8.832530
3.384610 1.172880 8.918700
3.470780 1.670760 9.024020
3.336730 1.613310 9.148490
3.279290 1.345230 9.091040
