10.460210 -1.421820 -0.023940
10.469780 -1.460120 0.186700
10.402760 -1.278200 0.464370
10.182540 -1.067560 0.742030
10.230420 -1.249480 0.799480
10.316590 -1.632460 0.732450
10.326160 -1.852680 0.742030
10.517650 -1.919700 0.789900
10.632550 -1.958000 0.952670
10.469780 -1.890980 0.971820
10.441060 -1.766510 1.057990
10.431480 -1.756930 1.115440
10.374040 -2.034590 1.134590
10.565530 -2.245230 1.153730
10.690000 -2.149490 1.287780
10.670850 -1.919700 1.402670
10.517650 -1.776080 1.718630
10.795320 -1.804800 1.852680
11.216600 -1.642040 2.159060
11.216600 -1.498420 2.408000
11.101700 -1.632460 2.455870
11.293190 -1.680340 2.331410
11.341070 -1.699480 2.187790
11.168730 -2.092040 2.312260
10.871910 -2.532470 2.388850
11.159150 -2.417580 2.350550
11.695330 -1.661190 2.494170
11.685750 -1.220760 2.877160
11.092130 -1.354800 3.011200
11.063400 -1.785660 2.972900
11.092130 -2.072890 2.867580
10.919790 -2.197360 3.030350
10.642120 -2.072890 3.250560
11.025110 -1.680340 3.097370
11.398510 -1.450550 2.886730
10.699570 -1.986720 2.752690
10.278290 -2.618640 3.020770
10.517650 -2.762260 3.413330
10.584680 -2.197360 3.671840
10.603830 -1.622890 3.825040
10.575100 -1.632460 4.217590
10.354890 -1.986720 4.792070
10.297440 -2.139910 4.849520
10.661270 -1.756930 4.466530
10.852760 -1.546290 4.198450
10.307010 -1.871830 4.523980
9.646370 -2.120770 4.705900
9.885730 -1.852680 4.839940
10.182540 -1.450550 4.973980
10.134670 -0.923950 4.954840
9.857010 -0.493090 4.973980
9.339980 -0.828200 4.935690
9.033600 -1.182460 4.571850
9.081470 -0.933520 4.629300
8.641040 -0.416490 4.954840
8.104870 -0.205850 5.261220
7.932520 -0.292020 5.510160
8.085720 -0.186700 5.347390
8.133590 0.349470 5.443140
7.702730 0.876070 5.720800
7.185710 0.990970 5.998460
7.070810 0.914370 6.132510
6.955920 0.847350 5.902720
6.659110 0.588840 5.529310
6.333570 0.483520 5.289940
6.209100 0.397340 5.404840
6.161230 0.349470 5.605900
5.988890 0.665430 6.008040
5.826120 1.192030 6.391020
5.854840 1.642040 7.137830
5.931440 1.709060 7.779330
6.151650 1.594160 7.769760
5.969740 1.603740 7.252730
5.672930 1.488840 6.984640
5.596330 1.096290 6.917620
5.672930 0.799480 6.735700
5.548460 1.125010 6.572940
5.184620 1.632460 6.630380
4.849520 1.699480 6.764430
4.792070 1.421820 6.697400
4.935690 1.345230 6.908050
4.973980 1.594160 7.118690
4.801640 2.254810 7.204860
4.485680 2.656940 7.338900
4.246320 2.561200 7.836780
4.399510 2.340980 8.372950
4.543130 2.503750 8.411250
4.466530 2.886730 8.334650
4.284620 2.877160 8.487850
4.562280 2.417580 8.344230
4.830370 2.025020 7.597410
4.916540 2.044170 7.204860
4.638870 1.814380 7.377200
4.361210 1.172880 7.693160
4.533550 1.383520 7.386770
4.964410 2.513320 7.386770
4.782490 3.308010 7.731460
4.026100 2.848430 7.855930
3.777160 2.235660 7.568690
4.169720 2.609070 7.587840
