11.302770 -2.542050 3.011200
11.475110 -2.427150 2.867580
11.178300 -2.992050 2.800560
10.632550 -3.537800 2.944180
10.747440 -3.432480 3.116520
11.522980 -2.905880 3.145240
11.810220 -2.312260 3.336730
11.187870 -2.168640 3.451630
10.642120 -2.570770 3.556950
10.670850 -2.819710 3.815460
10.555950 -2.685660 3.863340
10.919790 -2.388850 3.614400
11.187870 -2.340980 3.250560
10.670850 -2.618640 3.308010
10.067650 -2.953750 3.489930
10.144250 -2.896300 3.499500
10.460210 -2.254810 3.528230
10.402760 -2.044170 3.432480
10.010200 -2.321830 3.566520
9.703820 -2.829280 4.236740
9.435730 -2.944180 4.734620
9.588920 -2.321830 4.772920
9.608070 -2.053740 4.658020
9.100620 -2.321830 4.772920
8.727210 -2.637790 4.887810
8.832530 -2.379280 4.945260
8.851680 -1.814380 5.050580
8.507000 -1.718630 5.079300
8.478270 -1.967570 5.079300
8.401680 -1.958000 5.155900
8.219760 -1.642040 5.270800
7.999550 -1.412250 5.251650
7.836780 -1.431400 5.175050
7.721880 -1.450550 5.280370
7.386770 -1.383520 5.510160
7.271880 -1.306930 5.672930
7.310180 -1.335650 5.749520
7.281450 -1.201610 5.873990
7.176130 -0.952670 6.075060
7.051660 -0.895220 6.027190
6.831450 -0.828200 6.027190
6.649530 -0.914370 6.027190
6.438890 -0.809050 6.343150
6.276120 -0.406920 6.754850
6.295270 -0.110110 6.860170
6.391020 -0.004790 6.946340
6.362300 0.110110 6.879320
6.228250 0.004790 7.032510
6.209100 -0.004790 7.003790
6.027190 0.081380 6.831450
5.883570 -0.129260 6.860170
5.739950 -0.148410 7.042090
5.787820 0.167550 7.482520
5.663350 0.598410 7.989970
5.443140 0.809050 8.009120
5.510160 0.856920 7.884650
5.414410 0.780330 7.587840
5.203770 0.675010 7.702730
5.060160 0.914370 7.693160
4.906960 1.057990 7.674010
4.983560 0.885650 7.520820
5.088880 0.837770 7.482520
4.983560 1.086710 7.214430
4.715470 1.268630 7.195280
4.619720 1.220760 7.405920
4.849520 1.163310 7.520820
4.906960 1.546290 7.501670
4.705900 1.948420 7.664440
4.447380 2.111190 7.932520
4.342060 2.025020 8.382530
4.533550 1.938850 8.822960
4.830370 2.522900 8.918700
4.820790 3.173970 8.880400
4.600580 3.250560 8.516570
4.571850 2.800560 7.999550
4.571850 2.025020 7.386770
4.246320 1.479270 7.233580
4.016530 1.259050 7.195280
3.978230 1.402670 7.195280
4.380360 1.776080 7.224010
4.495260 2.149490 7.482520
4.227170 2.293110 7.961250
4.284620 2.360130 8.066570
4.696320 2.656940 7.961250
4.744190 2.848430 7.760180
4.370790 2.637790 7.434650
3.939930 2.388850 7.674010
4.112270 1.929270 7.817630
4.667600 2.245230 7.942100
4.782490 2.848430 7.951670
4.571850 3.001620 7.779330
4.073980 2.743110 7.903800
4.112270 2.264380 7.836780
4.456960 2.053740 7.741030
4.428230 2.235660 7.712310
3.911210 2.254810 8.018690
3.710140 1.948420 8.248480
4.121850 1.833530 8.688910
4.504830 2.216510 8.880400
4.610150 2.551620 8.784660
