10.431480 -1.977150 1.431400
10.249570 -2.360130 1.498420
10.134670 -2.465450 1.603740
10.316590 -2.331410 1.804800
10.584680 -2.187790 1.833530
10.862340 -2.053740 1.833530
10.938940 -1.986720 1.795230
10.814470 -2.159060 1.977150
10.603830 -2.388850 2.264380
10.479360 -2.331410 2.302680
10.843190 -2.187790 2.388850
11.207020 -2.111190 2.446300
11.187870 -2.475020 2.484600
10.900640 -2.647370 2.896300
10.824040 -2.427150 3.068650
11.283620 -2.120770 2.896300
11.609150 -2.092040 2.637790
11.226170 -2.647370 2.628220
10.642120 -3.260140 2.963330
10.661270 -3.413330 3.145240
11.130430 -3.231410 2.934600
11.551710 -2.848430 2.589920
11.590010 -2.800560 2.542050
10.814470 -3.106940 3.116520
10.345310 -3.193120 3.585670
10.469780 -2.733540 3.461200
11.092130 -2.350550 3.394180
11.044250 -2.427150 3.528230
10.211270 -2.829280 3.729290
9.981480 -2.848430 3.959080
10.613400 -2.666510 3.710140
10.986810 -2.503750 3.413330
10.488930 -2.676090 3.422910
9.847440 -2.915450 3.700570
9.828290 -2.532470 3.872910
10.105950 -1.996300 3.997380
9.799560 -1.910120 3.863340
9.320830 -2.187790 3.939930
9.014450 -2.226090 4.102700
9.081470 -1.823950 4.236740
9.167640 -1.412250 4.361210
8.937850 -1.259050 4.533550
8.411250 -1.182460 5.012280
8.143160 -1.086710 5.356970
8.325080 -1.000540 5.500590
8.507000 -0.885650 5.433560
8.296360 -0.866500 5.337820
7.894220 -0.732450 5.586760
7.674010 -0.684580 5.806970
7.635710 -0.837770 5.845270
7.597410 -0.732450 5.711230
7.463370 -0.684580 5.644200
7.147410 -0.818620 5.816550
6.965490 -0.789900 5.998460
7.089960 -0.742030 6.151650
7.118690 -0.253730 6.314420
6.869750 0.062230 6.505910
6.639960 -0.062230 6.745280
6.544210 -0.129260 6.745280
6.553790 0.014360 6.649530
6.410170 0.234580 6.726130
5.950590 0.167550 7.003790
5.720800 -0.138830 7.271880
6.027190 -0.263300 7.291030
6.094210 0.167550 7.118690
5.787820 0.502660 7.252730
5.423990 0.464370 7.492090
5.538880 0.359050 7.578260
5.692080 0.540960 7.597410
5.481440 0.655860 7.626140
5.328240 0.694160 7.683580
5.242070 0.703730 7.520820
5.031430 0.387770 7.415500
4.753770 0.071810 7.233580
4.571850 0.253730 7.511240
4.504830 0.531390 7.836780
4.485680 1.057990 8.066570
4.753770 1.613310 8.009120
4.878240 1.804800 8.076140
4.581430 1.507990 7.961250
4.208020 0.722880 7.875080
4.476110 0.244150 7.492090
4.849520 0.301600 6.745280
4.523980 0.617560 6.371870
3.738870 0.722880 6.946340
3.528230 0.512240 7.348470
4.246320 0.885650 7.664440
5.050580 1.737780 7.788900
4.830370 2.168640 7.836780
3.863340 2.340980 8.526150
3.595250 2.264380 9.052750
4.246320 2.159060 9.071900
4.504830 2.618640 8.755940
4.026100 2.838860 8.574020
3.308010 2.522900 8.765510
3.528230 1.843100 8.976150
4.571850 1.919700 8.583590
4.705900 2.340980 8.334650
3.662270 2.139910 8.372950
3.269710 1.230330 8.200610
