10.699570 -2.254810 2.532470
10.824040 -2.273960 2.551620
10.747440 -2.436730 2.628220
10.699570 -2.570770 2.752690
10.824040 -2.551620 3.001620
11.092130 -2.235660 3.078220
11.187870 -1.862250 3.145240
10.910210 -1.938850 3.039920
10.661270 -2.589920 2.810130
10.565530 -3.001620 2.819710
10.728290 -2.542050 3.145240
10.948510 -1.699480 3.384610
10.929360 -1.345230 3.394180
10.651700 -1.890980 3.173970
10.297440 -2.771840 2.771840
10.239990 -3.030350 2.637790
10.421910 -2.771840 2.867580
10.431480 -2.034590 3.126090
10.441060 -1.373950 3.384610
10.153820 -1.661190 3.470780
9.914460 -2.522900 3.499500
9.981480 -2.149490 3.968660
10.201690 -1.182460 4.313340
10.383610 -0.809050 4.466530
10.182540 -1.067560 4.418660
9.818710 -1.919700 4.064400
9.789990 -2.867580 3.623970
9.608070 -2.743110 3.844190
9.521900 -1.469690 4.409090
9.617650 -0.311170 4.792070
9.454880 -0.148410 4.954840
9.215510 -0.732450 5.012280
8.985730 -0.943090 4.973980
8.957000 -0.617560 5.079300
8.957000 -0.234580 5.318670
8.937850 -0.406920 5.280370
8.822960 -0.579260 5.299520
8.602740 -0.493090 5.481440
8.439980 -0.339900 5.596330
8.487850 -0.110110 5.787820
8.478270 -0.062230 5.739950
8.430400 -0.062230 5.692080
7.961250 -0.081380 5.854840
7.674010 -0.071810 6.017610
7.875080 0.138830 6.103780
7.932520 0.502660 6.237830
7.654860 0.665430 6.113360
7.291030 0.464370 6.113360
7.118690 0.129260 6.132510
7.042090 0.339900 6.199530
6.955920 0.809050 6.285700
6.745280 0.866500 6.391020
6.563360 0.607980 6.391020
6.525060 0.483520 6.448470
6.486770 0.540960 6.429320
6.362300 0.799480 6.563360
6.400590 1.201610 6.706980
6.304850 1.364370 6.917620
6.113360 1.192030 6.821870
6.075060 1.057990 7.061240
5.988890 1.469690 7.137830
5.960160 1.843100 7.224010
5.921870 1.910120 7.233580
5.787820 1.709060 7.147410
5.500590 1.584590 7.252730
5.433560 1.718630 7.425070
5.548460 1.881400 7.472940
5.491010 2.044170 7.396350
5.270800 1.919700 7.300600
5.242070 1.555870 7.338900
5.443140 1.383520 7.425070
5.414410 2.005870 7.578260
5.213350 2.628220 7.664440
4.964410 2.551620 7.415500
4.935690 1.938850 7.195280
4.897390 1.737780 7.089960
4.696320 2.139910 7.185710
4.562280 2.427150 7.405920
4.466530 2.561200 7.597410
4.523980 2.551620 7.559120
4.523980 2.408000 7.434650
4.418660 2.331410 7.415500
4.409090 2.388850 7.405920
4.428230 2.455870 7.405920
4.227170 2.580340 7.338900
4.073980 2.561200 7.482520
4.150570 2.551620 7.539970
4.265470 2.427150 7.578260
4.380360 2.350550 7.616560
4.351640 2.609070 7.568690
4.275040 2.676090 7.597410
4.437810 2.465450 7.501670
4.619720 2.427150 7.587840
4.361210 2.781410 7.817630
4.265470 2.972900 8.047420
4.504830 3.068650 8.133590
4.705900 3.097370 8.076140
4.504830 3.030350 8.085720
4.112270 2.848430 8.191040
4.112270 2.609070 8.191040
