11.044250 -2.264380 3.059070
10.709150 -2.312260 2.934600
10.527230 -2.704810 2.723960
10.661270 -3.116520 3.020770
10.565530 -2.953750 3.336730
10.843190 -2.302680 3.422910
11.092130 -2.044170 3.154820
11.015530 -2.609070 3.078220
10.479360 -3.288860 3.231410
10.316590 -3.202690 3.509080
10.757020 -2.455870 3.738870
10.814470 -1.910120 3.805890
10.536800 -2.044170 3.844190
10.259140 -2.733540 3.844190
10.153820 -3.011200 3.767590
10.115520 -2.800560 3.930360
10.125100 -2.455870 4.188870
10.220840 -2.082470 4.198450
10.153820 -1.862250 4.150570
9.751690 -2.053740 4.179300
9.512330 -2.398430 4.188870
9.560200 -2.178210 4.179300
9.703820 -1.498420 4.294190
9.387860 -1.335650 4.284620
8.650620 -1.814380 4.322910
8.545290 -2.130340 4.380360
8.813380 -1.929270 4.466530
8.717640 -1.651610 4.648450
8.372950 -1.115440 4.897390
7.989970 -1.201610 5.299520
7.855930 -1.718630 5.443140
8.181460 -1.728210 5.500590
8.382530 -1.153730 5.653780
8.229340 -0.770750 5.768670
8.181460 -0.856920 5.893140
8.248480 -0.885650 5.883570
8.353800 -0.722880 5.749520
7.989970 -0.675010 5.739950
7.501670 -0.617560 5.979310
7.319750 -0.272870 6.400590
7.405920 0.225000 6.821870
7.405920 0.876070 6.965490
7.042090 1.297350 7.262300
6.515490 1.010120 7.042090
6.534640 0.311170 6.611230
6.544210 0.004790 6.371870
6.132510 0.023940 6.553790
5.806970 0.531390 6.936770
5.854840 1.364370 7.128260
5.806970 1.785660 7.070810
5.404840 1.498420 6.994220
5.146330 0.770750 6.841020
5.088880 0.579260 6.841020
5.117600 0.943090 6.821870
5.165480 1.038840 7.061240
5.050580 1.306930 7.348470
4.954840 1.421820 7.530390
4.897390 1.450550 7.539970
4.945260 1.345230 7.358050
4.820790 1.345230 7.405920
4.725050 1.163310 7.233580
4.801640 1.010120 7.252730
4.830370 1.278200 7.176130
4.715470 1.326080 7.463370
4.523980 0.943090 7.750610
4.638870 0.952670 7.961250
4.734620 1.450550 7.808050
4.763340 1.728210 7.798480
4.744190 1.680340 7.875080
4.906960 1.565440 7.674010
4.878240 1.766510 7.501670
4.619720 1.862250 7.578260
4.380360 1.642040 7.712310
4.629300 1.852680 7.942100
4.868660 2.714390 8.238910
4.725050 2.781410 8.286780
4.303770 2.254810 7.827200
4.303770 1.977150 7.664440
4.562280 2.216510 7.798480
4.514410 2.197360 7.961250
4.217590 2.159060 7.951670
4.265470 2.025020 7.817630
4.370790 1.919700 7.942100
4.476110 2.005870 7.932520
4.658020 2.216510 7.980400
4.476110 2.312260 8.028270
4.294190 2.072890 8.114440
4.514410 1.958000 8.344230
4.887810 2.302680 8.344230
4.725050 2.542050 8.133590
4.294190 2.149490 8.210190
4.313340 1.661190 8.066570
4.696320 1.833530 7.999550
4.638870 2.331410 8.037840
4.198450 2.340980 8.258060
3.987800 2.206940 8.411250
4.217590 2.398430 8.554870
4.600580 2.503750 8.803810
4.696320 2.264380 8.708060
4.552700 2.044170 8.516570
