10.105950 -1.316500 1.220760
10.153820 -1.431400 1.278200
10.220840 -1.364370 1.306930
10.086800 -1.622890 1.354800
10.182540 -1.795230 1.469690
10.335740 -1.507990 1.833530
10.316590 -1.278200 1.938850
10.527230 -1.622890 1.958000
10.488930 -1.785660 2.168640
10.259140 -2.034590 2.139910
10.335740 -2.206940 2.139910
10.374040 -1.996300 2.302680
10.374040 -2.187790 2.446300
10.450630 -2.293110 2.666510
10.680420 -2.082470 3.059070
10.709150 -1.632460 3.183540
10.833610 -1.737780 3.240990
11.063400 -1.996300 3.260140
11.159150 -2.092040 3.202690
11.130430 -2.092040 3.451630
11.159150 -2.130340 3.585670
11.302770 -2.245230 3.585670
11.561280 -2.283530 3.576100
11.561280 -2.656940 3.604820
11.542130 -3.202690 3.604820
11.532560 -3.298440 3.403760
11.427240 -3.087800 2.915450
11.599580 -3.097370 2.628220
11.388940 -3.288860 2.723960
10.919790 -3.403760 3.116520
10.929360 -3.231410 3.509080
11.072980 -2.790980 3.355880
11.321920 -2.580340 3.365460
11.321920 -2.877160 3.470780
10.938940 -3.020770 3.738870
10.527230 -2.925030 4.064400
10.881490 -2.848430 3.930360
11.226170 -2.484600 3.882480
11.053830 -2.063320 3.844190
10.680420 -2.398430 4.006950
10.182540 -2.781410 4.361210
10.010200 -2.475020 4.591000
10.153820 -1.967570 4.725050
10.230420 -1.603740 4.696320
9.809140 -1.642040 4.772920
9.225090 -2.111190 4.897390
9.454880 -2.206940 4.839940
9.789990 -1.498420 4.705900
9.426150 -0.742030 4.686750
8.765510 -0.627130 4.878240
8.344230 -0.952670 4.801640
7.970820 -1.019690 4.926110
7.808050 -0.770750 5.050580
7.855930 -0.205850 5.184620
7.444220 0.473940 5.289940
6.783580 0.550540 5.567610
6.544210 0.349470 5.615480
6.553790 0.493090 5.864420
6.209100 0.914370 6.228250
5.864420 0.971820 6.582510
5.739950 0.761180 6.706980
5.845270 0.493090 6.477190
5.826120 0.339900 6.237830
5.596330 0.339900 6.113360
5.376120 0.234580 6.199530
5.251650 0.225000 6.496340
5.395260 0.483520 6.774000
5.443140 1.077140 6.850600
5.108030 1.115440 6.850600
4.686750 0.866500 7.128260
4.839940 0.895220 7.511240
4.935690 1.565440 7.913370
4.792070 2.082470 8.392100
4.839940 2.283530 8.401680
4.973980 2.484600 8.210190
4.973980 2.417580 7.750610
4.782490 2.063320 7.367620
4.763340 1.718630 6.821870
4.399510 1.613310 6.582510
4.121850 1.488840 6.592080
4.275040 1.488840 6.486770
4.275040 1.709060 6.544210
4.064400 1.718630 6.879320
3.901630 1.910120 7.606990
4.303770 2.417580 7.989970
4.658020 2.800560 8.133590
4.437810 2.647370 8.009120
3.978230 2.187790 7.875080
4.073980 1.986720 7.808050
4.600580 2.283530 7.836780
4.533550 2.877160 8.392100
4.093120 2.810130 8.411250
4.246320 2.350550 8.018690
4.591000 2.235660 8.028270
4.667600 2.408000 7.961250
4.236740 2.551620 7.989970
3.997380 2.503750 7.913370
4.418660 2.436730 7.664440
4.552700 2.570770 7.578260
4.236740 2.561200 7.578260
