0.82820,0.76118,9.43573
0.77075,0.57926,9.41658
0.91437,0.44522,9.34956
1.01969,0.58884,9.47403
0.89522,0.82820,9.53148
0.81862,0.83777,9.49318
0.79948,0.65586,9.43573
0.82820,0.55054,9.37828
0.89522,0.71330,9.44530
0.82820,0.84735,9.54105
0.80905,0.78990,9.50275
0.90480,0.69416,9.48360
1.00054,0.70373,9.40700
0.96224,0.67501,9.38786
0.81862,0.63671,9.38786
0.87607,0.66543,9.46445
0.97182,0.77075,9.44530
1.00054,0.77075,9.36871
0.97182,0.56969,9.25381
0.97182,0.44522,9.19637
0.99097,0.52181,9.30169
0.96224,0.76118,9.41658
0.91437,0.84735,9.53148
0.87607,0.81862,9.42615
0.89522,0.70373,9.26339
0.92395,0.64628,9.22509
1.05799,0.66543,9.20594
1.19203,0.78033,9.24424
1.03884,0.89522,9.20594
0.87607,0.83777,9.07190
0.89522,0.56011,9.01445
1.10586,0.53139,9.07190
1.14416,0.99097,9.26339
0.89522,1.38352,9.46445
0.80905,1.22076,9.54105
1.21118,0.88565,9.54105
1.42182,0.82820,9.56977
1.07714,1.14416,9.73254
0.99097,1.15373,9.81871
1.13459,0.90480,9.74212
1.29735,0.73245,9.76126
1.34523,0.88565,9.77084
1.19203,1.23991,9.79956
1.06756,1.30693,9.59850
1.17288,1.09629,9.28254
1.34523,0.93352,8.91870
1.32608,0.87607,8.64104
1.07714,1.15373,8.37295
1.06756,1.40267,7.97082
1.39310,1.23033,7.27188
1.75693,0.77075,6.42932
1.99630,0.34947,5.75910
2.18779,0.03351,5.04101
2.58992,-0.25373,4.26547
2.85801,-0.27287,3.54737
2.74311,0.13883,3.59525
2.47502,0.56969,3.39418
2.61864,0.81862,2.94418
3.05907,0.75160,3.14524
3.78674,0.19628,3.19312
4.61972,0.16755,3.07822
4.88781,0.56011,3.42291
4.88781,0.57926,3.82504
6.07506,0.43564,4.10270
7.19528,1.42182,4.85909
7.12826,2.84843,5.91229
7.07081,3.32716,6.68783
8.11444,2.69524,6.39102
9.85701,1.34523,5.77825
10.46021,0.53139,5.33782
9.93361,0.84735,5.68250
10.27829,0.96224,5.88357
11.35064,1.01012,5.73995
12.54746,1.25905,5.71123
13.23683,1.43140,5.84527
13.48577,1.35480,5.96974
13.75386,1.69948,6.17080
14.01237,2.03459,6.20910
14.36663,1.96757,6.18038
14.51025,2.13034,6.20910
14.74004,2.26438,6.14208
14.79748,2.28353,6.13251
14.69216,2.30268,6.18038
14.50067,2.28353,6.21868
14.32833,2.09204,6.20910
14.35705,1.77608,6.10378
13.97407,1.85268,6.05591
13.46662,2.01545,6.07506
12.93044,1.89098,5.92187
12.56661,1.67076,5.76867
12.33682,1.70906,5.57718
11.96341,1.73778,5.49101
11.47511,1.51757,5.32824
10.76659,1.59416,5.34739
10.15382,1.67076,5.27080
9.99105,1.68034,5.11760
9.91446,1.86225,5.19420
9.62722,2.10162,5.41441
9.40700,2.21651,5.53888
9.36871,2.14949,5.56761
9.18679,2.10162,5.55803
9.13892,2.02502,5.56761
9.28254,2.12077,5.50059
9.62722,1.96757,5.35697
9.85701,1.81438,5.22292
10.23042,1.46969,5.08888
10.56553,1.20161,4.88781
10.97723,1.05799,4.83037
11.49426,0.80905,4.83037
11.92511,0.63671,4.81122
12.38469,0.69416,4.77292
12.91130,0.69416,4.76334
13.42832,0.57926,4.96441
13.60066,0.83777,5.32824
13.95492,0.85692,5.31867
14.10811,0.45479,5.26122
13.98364,0.64628,5.38569
13.92620,1.58459,5.78782
14.09854,1.66119,5.79740
14.20386,0.71330,5.22292
14.05067,-0.36862,5.05058
13.34215,0.38777,5.87399
13.53364,1.93885,6.45804
13.73471,2.20694,6.06548
13.19853,0.86650,5.49101
12.65278,-0.35905,5.68250
12.20278,0.24415,6.07506
12.66236,1.23991,6.20910
11.89639,1.77608,6.16123
11.40809,0.82820,5.99846
10.95808,0.17713,5.86442
10.21127,0.70373,6.16123
9.95276,1.53672,6.34315
9.68467,1.29735,5.89314
8.97615,0.43564,5.80697
8.35380,0.08138,5.75910
7.95167,0.62713,5.84527
7.36762,1.24948,6.20910
6.64953,1.73778,6.26655
6.18038,1.45055,5.99846
5.57718,0.87607,5.73995
5.19420,0.67501,5.54846
4.89739,1.03884,5.52931
4.28462,1.56544,5.77825
3.68142,1.41225,5.96016
3.41333,0.96224,5.96974
3.31759,0.88565,5.91229
3.02077,0.92395,5.75910
2.47502,0.78990,5.60590
2.03459,0.56011,5.69208
1.86225,0.67501,5.84527
1.80480,1.06756,6.01761
1.60374,1.16331,6.11336
1.26863,0.77075,6.22825
1.12501,0.37820,6.24740
1.08671,0.21543,6.40059
0.88565,0.39734,6.65911
0.75160,0.58884,7.20486
0.74203,0.46437,7.29103
0.90480,-0.10053,7.44422
0.78990,-0.30160,7.70273
0.55054,0.20585,7.94210
0.33032,0.87607,8.07614
0.19628,0.88565,8.13359
0.24415,0.38777,8.13359
0.28245,0.10053,8.21976
0.09096,0.24415,8.47827
-0.20585,0.56011,8.81338
-0.23458,0.82820,9.07190
-0.06223,0.95267,9.19637
0.00000,0.90480,9.19637
-0.05266,0.64628,9.11977
-0.03351,0.37820,9.05275
0.16755,0.36862,9.22509
0.28245,0.61756,9.38786
0.03351,0.67501,9.37828
-0.11011,0.51224,9.46445
0.19628,0.35905,9.45488
0.56969,0.45479,9.52190
0.38777,0.60798,9.70382
0.11011,0.63671,9.83786
0.27287,0.56969,9.83786
0.58884,0.56969,9.69424
0.73245,0.70373,9.66552
0.48352,0.71330,9.58892
0.14841,0.53139,9.53148
0.18670,0.26330,9.36871
0.45479,0.21543,9.36871
0.39734,0.61756,9.48360
0.14841,1.04841,9.57935
0.06223,1.04841,9.51233
0.04309,0.78033,9.44530
0.23458,0.56011,9.33998
0.45479,0.60798,9.33998
0.37820,0.76118,9.42615
0.06223,0.86650,9.51233
-0.00479,0.93352,9.50275
0.24415,0.88565,9.46445
0.33032,0.78990,9.45488
0.17713,0.74203,9.38786
0.10053,0.71330,9.44530
0.11011,0.91437,9.50275
0.20585,1.07714,9.54105
0.28245,0.95267,9.44530
0.28245,0.69416,9.32083
0.30160,0.58884,9.26339
0.19628,0.72288,9.37828
0.08138,1.02927,9.41658
0.17713,1.02927,9.36871
0.25373,0.78990,9.36871
0.21543,0.65586,9.35913
0.14841,0.78990,9.36871
0.15798,0.94309,9.38786
0.29202,0.93352,9.40700
0.21543,0.82820,9.37828
0.00479,0.78990,9.39743
0.01436,0.78990,9.39743
0.23458,0.83777,9.41658
0.31117,0.92395,9.36871
0.21543,0.91437,9.40700
0.11011,0.83777,9.35913
0.17713,0.73245,9.25381
0.32075,0.73245,9.29211
0.21543,0.88565,9.40700
0.09096,0.93352,9.46445
0.12926,0.91437,9.52190
0.25373,1.01969,9.53148
0.27287,1.00054,9.50275
0.18670,0.88565,9.44530
0.14841,0.79948,9.44530
0.17713,0.78990,9.37828
0.25373,0.78033,9.32083
0.34947,0.66543,9.30169
0.28245,0.73245,9.37828
0.12926,0.97182,9.55062
0.04309,1.08671,9.47403
0.14841,0.90480,9.37828
0.27287,0.66543,9.29211
0.20585,0.63671,9.30169
0.12926,0.80905,9.43573
0.15798,0.97182,9.52190
0.26330,0.95267,9.45488
0.29202,0.78033,9.33998
0.16755,0.57926,9.28254
0.22500,0.60798,9.31126
0.26330,0.90480,9.43573
0.28245,1.02927,9.39743
0.32075,0.82820,9.30169
0.22500,0.71330,9.28254
0.15798,0.73245,9.23466
0.21543,0.77075,9.31126
0.26330,0.88565,9.44530
0.20585,1.04841,9.48360
0.18670,0.96224,9.40700
0.17713,0.80905,9.39743
0.09096,0.85692,9.40700
0.18670,0.89522,9.43573
0.19628,0.86650,9.45488
0.21543,0.91437,9.35913
0.28245,0.80905,9.42615
0.23458,0.78990,9.41658
0.28245,0.86650,9.42615
0.29202,0.78990,9.43573
0.24415,0.61756,9.41658
0.33032,0.69416,9.44530
0.34947,0.88565,9.48360
0.25373,0.83777,9.48360
0.19628,0.64628,9.35913
0.23458,0.69416,9.40700
0.33032,0.82820,9.40700
