10.38361,-1.42182,1.02927
10.23042,-1.39310,1.01012
10.29744,-1.41225,1.01012
10.42191,-1.24948,0.99097
10.45063,-1.25905,1.01012
10.41233,-1.31650,0.94309
10.37404,-1.31650,0.86650
10.29744,-1.23991,0.80905
10.20169,-1.19203,0.73245
10.20169,-1.32608,0.62713
10.30701,-1.47927,0.60798
10.31659,-1.44097,0.60798
10.14425,-1.49842,0.57926
10.03893,-1.58459,0.57926
10.04850,-1.58459,0.50266
9.99105,-1.70906,0.42607
9.98148,-1.83353,0.33990
10.09637,-1.71863,0.40692
9.98148,-1.69948,0.51224
9.87616,-1.79523,0.55054
10.11552,-1.71863,0.51224
10.40276,-1.73778,0.50266
10.40276,-1.76651,0.65586
10.29744,-1.71863,0.79948
10.26872,-1.61331,0.78990
10.28787,-1.62289,0.68458
10.27829,-1.72821,0.50266
10.12510,-1.71863,0.51224
10.08680,-1.50799,0.56969
10.31659,-1.32608,0.57926
10.33574,-1.27820,0.53139
10.14425,-1.46012,0.50266
10.23999,-1.61331,0.34947
10.55595,-1.73778,0.32075
10.72829,-1.75693,0.38777
10.55595,-1.68991,0.44522
10.41233,-1.90055,0.51224
10.46978,-2.01545,0.52181
10.55595,-1.94842,0.67501
10.48893,-1.80480,0.79948
10.33574,-1.58459,0.78033
10.20169,-1.54629,0.76118
9.94318,-1.83353,0.57926
9.83786,-1.99630,0.57926
10.01978,-1.76651,0.56969
10.18254,-1.46969,0.50266
10.08680,-1.36437,0.44522
9.95276,-1.52714,0.46437
9.98148,-1.53672,0.75160
10.13467,-1.33565,0.87607
10.27829,-1.27820,0.81862
10.22084,-1.53672,0.61756
10.04850,-1.87183,0.55054
10.05808,-1.99630,0.69416
10.21127,-1.77608,0.95267
10.22084,-1.77608,1.05799
10.24957,-1.93885,1.10586
10.36446,-2.15906,0.94309
10.35489,-2.21651,0.84735
10.17297,-2.13034,0.95267
10.01978,-2.12077,0.98139
10.10595,-2.00587,0.76118
10.59425,-1.83353,0.35905
10.75702,-1.83353,0.32075
10.27829,-1.89098,0.64628
9.86659,-1.71863,0.94309
10.26872,-1.33565,0.98139
10.86234,-1.08671,0.94309
10.82404,-1.25905,0.89522
10.59425,-1.48884,1.07714
10.60383,-1.34523,1.52714
10.60383,-1.09629,1.91970
10.72829,-0.98139,2.19736
10.96766,-1.22076,2.41758
11.11128,-1.45055,2.41758
11.16873,-0.90480,2.68566
11.07298,-0.57926,3.43248
10.72829,-0.60798,3.57610
10.94851,-0.76118,3.46120
11.48469,-0.78033,3.50908
11.71448,-0.71330,3.85376
11.27404,-0.34947,4.77292
10.76659,-0.25373,4.56228
11.13043,-0.34947,4.00695
12.02086,-0.53139,4.15057
11.99214,-0.50266,5.13675
10.74744,-0.69416,4.94526
10.47936,-0.91437,4.57185
11.10170,-1.46969,4.05483
11.36022,-2.36013,4.05483
10.65170,-2.86758,4.37079
10.08680,-2.74311,4.90696
10.14425,-2.43673,4.71547
11.09213,-2.66651,4.61972
11.66660,-3.04950,4.68675
10.97723,-3.03992,4.78249
9.64637,-2.63779,5.22292
8.90913,-2.57077,5.38569
9.40700,-2.63779,5.22292
10.23042,-2.41758,5.34739
9.83786,-2.23566,5.40484
9.00487,-2.34098,5.29952
8.65062,-2.78141,5.52931
8.33465,-2.82928,5.85484
8.04742,-2.43673,5.96016
7.85593,-1.73778,5.77825
7.54954,-1.95800,5.84527
7.07081,-2.66651,6.29527
6.86975,-2.86758,6.40059
7.05166,-2.28353,6.32400
7.56869,-1.82395,6.34315
7.69316,-2.09204,5.74952
7.18571,-2.54205,5.63463
6.42932,-2.72396,6.03676
6.00804,-3.03035,6.02719
5.99846,-3.22184,6.09421
6.16123,-3.09737,6.21868
6.18038,-2.82928,6.44847
5.92187,-2.44630,6.70698
5.55803,-2.02502,6.69740
5.27080,-1.83353,6.51549
5.02186,-2.05374,6.50591
4.77292,-2.44630,6.71655
4.74419,-2.59949,6.71655
4.75377,-2.70481,6.65911
4.51441,-2.69524,6.66868
4.19845,-2.70481,7.14741
3.79631,-2.49417,7.64529
3.47078,-2.31226,7.32933
3.62397,-2.35055,7.14741
3.74844,-2.50375,7.57826
3.26971,-2.31226,7.76018
2.79098,-2.34098,7.64529
2.40800,-2.42715,7.37720
2.33141,-2.78141,7.30060
2.44630,-3.14524,7.63571
2.61864,-3.07822,7.93252
2.64737,-2.96333,7.96125
2.38885,-3.01120,7.72188
2.16864,-3.20269,7.81763
2.25481,-3.01120,7.97082
2.54205,-3.04950,7.91337
2.01545,-3.31759,8.29636
2.01545,-3.16439,8.10487
2.27396,-2.83886,7.94210
2.42715,-2.97290,7.98040
2.12077,-3.45163,8.04742
1.92927,-3.45163,8.10487
2.13991,-2.91545,8.08572
2.11119,-2.53247,8.27721
1.67076,-2.64737,8.43040
1.45055,-2.98248,8.54529
1.81438,-2.83886,8.67934
2.18779,-2.66651,8.88040
2.08247,-2.56120,8.88040
1.95800,-2.71439,8.90913
1.91970,-2.95375,8.73679
1.96757,-2.96333,8.74636
2.03459,-2.96333,8.86126
2.05374,-3.09737,8.70806
1.99630,-3.21226,8.74636
1.91970,-3.19312,8.67934
1.92927,-3.04950,8.79423
1.97715,-2.88673,8.97615
2.03459,-2.99205,8.96658
2.05374,-3.13567,8.90913
2.05374,-3.20269,8.86126
1.90055,-3.05907,8.90913
1.84310,-2.86758,9.01445
2.10162,-2.84843,8.99530
2.19736,-3.03992,8.82296
1.91970,-3.17397,8.64104
1.52714,-3.27929,8.76551
1.51757,-3.20269,8.84211
2.03459,-3.08780,9.00487
2.30268,-2.99205,9.01445
2.01545,-2.86758,8.97615
1.87183,-2.90588,8.94743
2.13991,-3.01120,9.15807
2.27396,-3.12609,9.19637
2.04417,-2.93460,8.84211
1.91970,-2.61864,8.69849
2.00587,-2.61864,8.61232
2.10162,-2.93460,9.00487
1.92927,-2.91545,9.00487
1.73778,-2.59949,8.90913
1.68991,-2.36013,8.66019
1.72821,-2.56120,8.58359
2.01545,-3.10694,9.02402
2.10162,-3.27929,8.99530
2.18779,-2.99205,8.78466
2.19736,-2.81971,8.76551
2.14949,-3.23141,9.03360
2.02502,-3.61440,9.28254
2.03459,-3.60482,8.95700
2.23566,-3.59525,8.58359
2.26438,-3.80589,8.43998
2.19736,-4.17930,8.81338
2.23566,-3.83461,8.87083
2.38885,-3.14524,8.85168
2.37928,-2.88673,8.99530
2.18779,-3.03035,9.19637
2.06332,-3.17397,9.27296
2.13991,-3.02077,9.12934
2.28353,-2.88673,8.96658
2.29311,-2.75269,8.87083
2.24523,-2.86758,8.90913
2.01545,-2.81971,8.99530
1.91970,-2.81971,8.88040
2.18779,-2.78141,8.80381
2.35055,-2.61864,8.99530
2.14949,-2.57077,8.98573
1.87183,-2.62822,9.05275
1.91970,-2.72396,8.99530
2.07289,-2.83886,8.90913
2.14949,-2.94418,8.80381
2.36970,-3.00162,8.88998
2.36970,-2.84843,8.93785
2.12077,-2.64737,8.84211
1.99630,-2.76226,8.72721
2.20694,-3.11652,8.68891
2.56120,-3.26971,8.89955
2.56120,-3.02077,8.91870
2.16864,-2.86758,8.83253
2.02502,-2.94418,8.69849
2.39843,-3.10694,8.83253
2.68566,-3.06865,8.88998
2.52290,-2.81013,8.97615
2.25481,-2.77184,8.87083
2.21651,-2.95375,8.87083
2.44630,-2.95375,8.96658
2.56120,-2.80056,9.08147
2.47502,-2.64737,9.02402
2.38885,-2.87716,8.90913
2.26438,-3.10694,8.87083
2.28353,-2.94418,8.90913
2.59949,-2.76226,9.10062
2.70481,-2.82928,9.09104
2.45587,-2.97290,8.88040
2.32183,-3.00162,8.85168
2.53247,-2.77184,8.93785
2.71439,-2.64737,9.04317
2.60907,-2.70481,8.95700
2.33141,-2.90588,8.76551
2.24523,-3.03035,8.66976
2.42715,-2.86758,8.81338
2.55162,-2.64737,8.98573
2.44630,-2.58992,8.93785
2.37928,-2.73354,8.86126
