10.472333953756 -1.945721874275 0.920874146868
10.473343238868 -1.947030603471 0.994746091950
10.476629219578 -1.952020503542 1.072133635314
10.481908972173 -1.960438518890 1.152909889465
10.488990801766 -1.972171149103 1.237043631348
10.497760873038 -1.987233884649 1.324588718893
10.508173622963 -2.005765906754 1.415674976243
10.520244928221 -2.028028840467 1.510499201578
10.534046953241 -2.054408084123 1.609314627322
10.549703442632 -2.085414731803 1.712416739862
10.567383918646 -2.121685279878 1.820122865399
10.587294795347 -2.163975116626 1.932742440391
10.609664866045 -2.213140271527 2.050534614842
10.634722086127 -2.270100267961 2.173650160438
10.662658332040 -2.335773729295 2.302056157117
10.693579338553 -2.410978668302 2.435445353678
10.727438953970 -2.496292701614 2.573138091552
10.763960858599 -2.591876530456 2.713993225655
10.802557144333 -2.697277869025 2.856353975843
10.842260615708 -2.811250973093 2.998061097061
10.881693460876 -2.931643060723 3.136563030230
10.919094657208 -3.055403015549 3.269135142528
10.952418363362 -3.178749663078 3.393187661629
10.979496040893 -3.297494770629 3.506604312625
10.998233076552 -3.407462956680 3.608029272765
11.006797355549 -3.504912053986 3.697025377253
11.003760830008 -3.586855191997 3.774063310846
10.988174541772 -3.651222498843 3.840352986588
10.959582544189 -3.696856295016 3.897569703436
10.917998364837 -3.723381367675 3.947542854785
10.863872126717 -3.731013662718 3.991964727973
10.798067863698 -3.720365896634 4.032154332121
10.721854109611 -3.692288145931 4.068890841082
10.636892118459 -3.647758087609 4.102321749504
10.545189453651 -3.587817303230 4.131953152923
10.448976458878 -3.513539520278 4.156738578343
10.350465686379 -3.426013169008 4.175289120103
10.251478484418 -3.326322653452 4.186219141086
10.152974894567 -3.215519079124 4.188607682735
10.054595259586 -3.094580630421 4.182496023257
9.954382075324 -2.964372805509 4.169279203613
9.848847320326 -2.825624785874 4.151829238998
9.733449936149 -2.678935791484 4.134251065648
9.603380522635 -2.524813973692 4.121310619428
9.454411406909 -2.363736371971 4.117714507257
9.283551471402 -2.196210678597 4.127473727178
9.089353439518 -2.022822477849 4.153521273548
8.871876986361 -1.844261903098 4.197627717779
8.632422338556 -1.661334066336 4.260550225117
8.373178762575 -1.474963158058 4.342303819922
8.096900868501 -1.286200288867 4.442453403524
7.806673289726 -1.096242107197 4.560360653870
7.505779755572 -0.906463115165 4.695354790998
7.197665109582 -0.718460209215 4.846818184583
6.885964966278 -0.534102816773 5.014186621590
6.574569889985 -0.355575063622 5.196865126653
6.267683017422 -0.185387167774 5.394060725789
5.969819964884 -0.026323202747 5.604541087496
5.685692184986 0.118713044878 5.826349337734
5.419922172529 0.246982707800 6.056542353666
5.176578416022 0.356318611670 6.291061444421
4.958598298134 0.445579611912 6.524860213686
4.767265332922 0.515007092715 6.752364452821
4.601959045861 0.566316537014 6.968209478379
4.460332441136 0.602431816104 7.168045338714
4.338894484052 0.626923640103 7.349128284841
4.233787380007 0.643351914641 7.510500184717
4.141479979865 0.654737815610 7.652749311743
4.059184307586 0.663297136123 7.777514630172
3.984960013574 0.670432116890 7.886946141211
3.917593378259 0.676889991906 7.983274734774
3.856376100448 0.682979857517 8.068548121220
3.800883856467 0.688770447774 8.144515788364
3.750807363926 0.694233601320 8.212614431541
3.705848862169 0.699329737567 8.274005311639
3.665674224902 0.704047511612 8.329628853056
3.629902939113 0.708413841317 8.380257093952
3.598118921896 0.712488297708 8.426535994558
3.569889481604 0.716351590185 8.469016295975
3.544784563388 0.720093807952 8.508174692693
3.522392344681 0.723805050276 8.544427953241
3.502329895402 0.727569179250 8.578142411184
3.484249128429 0.731460430206 8.609640652672
3.467838949795 0.735542217802 8.639206609975
3.452824687753 0.739867422841 8.667089779309
3.438965779775 0.744479553687 8.693508944568
3.426052489092 0.749414335501 8.718655583691
3.413902200897 0.754701432612 8.742697023767
3.402355656993 0.760366130752 8.765779360058
3.391273341010 0.766430892480 8.788030136810
3.380532122713 0.772916755519 8.809560786921
3.370022201771 0.779844577482 8.830468833245
3.359644349170 0.787236148681 8.850839861262
3.349307420217 0.795115203302 8.870749278714
3.338926100276 0.803508362170 8.890263881943
3.328418838534 0.812446040470 8.909443251040
3.317705923140 0.821963352764 8.928340996984
3.306707651016 0.832101046391 8.947005884067
3.295342546339 0.842906493463 8.965482850473
3.283525582365 0.854434771309 8.983813949202
