10.01020,-2.59949,0.81862
9.98148,-2.60907,0.78990
9.92403,-2.67609,0.78033
9.87616,-2.73354,0.79948
9.88573,-2.77184,0.78033
9.95276,-2.78141,0.76118
10.00063,-2.79098,0.77075
9.91446,-2.83886,0.75160
9.73254,-2.92503,0.79948
9.67509,-2.87716,0.85692
9.73254,-2.82928,0.91437
9.79956,-2.81971,0.95267
9.70382,-2.89630,0.93352
9.60807,-2.99205,0.93352
9.61765,-3.09737,0.90480
9.74212,-3.05907,0.82820
9.81871,-2.98248,0.81862
9.72297,-3.00162,0.81862
9.71339,-3.18354,0.83777
9.85701,-3.31759,0.90480
10.04850,-3.26971,0.89522
10.09637,-3.09737,0.87607
10.17297,-3.01120,0.85692
10.23042,-3.04950,0.85692
10.06765,-3.17397,0.89522
9.94318,-3.19312,0.97182
9.84744,-3.12609,1.03884
9.76126,-3.01120,1.10586
9.74212,-2.97290,1.04841
9.83786,-2.98248,1.03884
9.87616,-2.97290,1.06756
9.78041,-2.91545,1.16331
9.69424,-2.83886,1.23991
9.65594,-2.80056,1.23033
9.76126,-2.81013,1.11544
9.93361,-2.93460,1.07714
9.90488,-3.03035,1.06756
9.77084,-3.10694,1.10586
9.78041,-3.08780,1.10586
9.86659,-2.90588,1.08671
9.83786,-2.83886,1.03884
9.75169,-2.95375,1.03884
9.63679,-3.05907,0.98139
9.62722,-3.03992,0.93352
9.68467,-2.95375,0.95267
9.71339,-2.90588,0.92395
9.74212,-2.91545,0.92395
9.75169,-2.97290,0.91437
9.75169,-3.01120,0.91437
9.79956,-3.08780,0.95267
9.77084,-3.14524,1.01012
9.65594,-3.20269,1.02927
9.63679,-3.17397,1.00054
9.71339,-3.08780,1.05799
9.75169,-3.02077,1.14416
9.78999,-3.04950,1.19203
9.78041,-3.10694,1.20161
9.71339,-3.16439,1.22076
9.75169,-3.17397,1.23991
9.81871,-3.15482,1.24948
9.88573,-3.07822,1.24948
9.97190,-3.03992,1.23991
9.92403,-3.13567,1.23991
9.84744,-3.26971,1.25905
9.85701,-3.31759,1.23991
9.82829,-3.23141,1.23033
9.79956,-3.11652,1.27820
9.80914,-3.09737,1.30693
9.75169,-3.08780,1.39310
9.72297,-2.98248,1.48884
9.73254,-2.92503,1.55587
9.71339,-3.05907,1.50799
9.66552,-3.22184,1.41225
9.68467,-3.25056,1.41225
9.80914,-3.26014,1.43140
9.88573,-3.25056,1.47927
9.88573,-3.26971,1.51757
9.97190,-3.27929,1.48884
9.97190,-3.22184,1.54629
9.81871,-3.17397,1.71863
9.79956,-3.05907,1.93885
9.82829,-2.98248,2.21651
9.87616,-3.44205,2.48460
9.81871,-4.30377,2.92503
9.30169,-4.87824,3.02077
9.03360,-5.31867,3.03035
9.11977,-6.09421,3.09737
8.95700,-7.02294,2.93460
8.63147,-8.21976,2.64737
8.16231,-8.71764,2.36013
8.18146,-9.03360,2.36013
8.43040,-8.79423,2.09204
8.43998,-8.53572,1.67076
8.43998,-8.63147,1.11544
8.31551,-8.61232,0.67501
8.19104,-8.61232,0.36862
8.28678,-9.09104,-0.33990
8.39210,-9.51233,-0.91437
8.29636,-9.07190,-1.11544
8.16231,-8.49742,-1.06756
7.99955,-8.10487,-0.80905
7.75061,-7.79848,-0.78990
7.85593,-8.14316,-0.82820
7.92295,-7.83678,-1.14416
7.64529,-7.49209,-1.09629
7.59741,-7.20486,-0.60798
7.48252,-6.36230,-0.36862
7.36762,-6.38144,-0.32075
7.51124,-6.53464,-0.36862
7.21443,-6.17080,-0.13883
7.00379,-5.49101,0.23458
7.03251,-5.75910,0.94309
7.54954,-6.73570,1.25905
7.53039,-6.53464,0.74203
7.49209,-6.45804,1.39310
7.48252,-5.09845,2.44630
7.30060,-3.56652,2.84843
7.44422,-3.55695,3.03035
7.47294,-4.11227,2.63779
7.50167,-4.67717,2.43673
7.53997,-4.87824,2.79098
7.62614,-3.98780,3.26971
7.45380,-2.95375,3.25056
7.57826,-3.43248,3.11652
7.77933,-4.15057,2.39843
8.30593,-4.41866,3.12609
8.97615,-4.18887,4.33249
9.45488,-4.38036,4.95484
9.21551,-4.35164,4.15057
8.87083,-5.38569,4.03568
8.87083,-6.49634,4.44738
8.89955,-6.73570,4.70590
8.53572,-6.44847,4.23674
7.81763,-6.28570,3.39418
7.39635,-6.52506,3.33673
7.38677,-6.91762,3.74844
7.50167,-6.49634,4.20802
7.33890,-6.03676,4.18887
7.01337,-6.25697,3.60482
6.73570,-6.49634,3.02077
6.86975,-6.28570,3.26971
7.85593,-7.30060,6.11336
7.59741,-6.33357,4.70590
6.68783,-5.46229,3.37503
7.11869,-8.08572,1.92927
8.40168,-10.29744,2.41758
8.47827,-10.97723,2.84843
7.86550,-8.98573,2.95375
7.68358,-6.80273,4.11227
8.24848,-5.82612,3.84419
8.47827,-7.08039,2.50375
8.78466,-7.08996,1.49842
10.00063,-8.66976,2.77184
11.02511,-8.08572,3.83461
10.32616,-6.18995,4.27504
9.89531,-7.37720,4.19845
9.25381,-8.06657,3.00162
8.55487,-8.28678,2.59949
8.27721,-7.59741,2.38885
8.00912,-6.74528,2.65694
7.59741,-6.96549,3.26014
7.13783,-7.51124,2.98248
6.84102,-7.91337,1.65161
6.48677,-8.29636,1.14416
6.26655,-8.01869,1.61331
5.78782,-7.27188,1.95800
5.51016,-7.34847,2.03459
5.28037,-7.64529,1.56544
5.10803,-7.29103,1.89098
4.72505,-7.66444,1.46012
4.36121,-7.99955,1.32608
4.12185,-8.47827,1.70906
3.93993,-8.07614,1.24948
3.75801,-7.01337,0.92395
3.36546,-6.86017,0.73245
3.78674,-8.51657,1.87183
3.87291,-6.81230,1.45055
2.86758,-5.68250,0.77075
2.61864,-6.54421,0.57926
2.66651,-6.60166,0.45479
2.72396,-6.01761,-0.01436
2.98248,-6.80273,0.04309
3.17397,-7.14741,1.01012
3.23141,-7.38677,1.09629
3.23141,-7.32933,0.32075
3.27929,-7.50167,-0.33032
3.34631,-7.31975,-0.77075
3.43248,-7.98997,-0.13883
3.77716,-8.98573,0.32075
4.14100,-10.07723,1.20161
4.25589,-11.01553,0.08138
4.13142,-11.76235,-0.56011
4.04525,-11.37936,-0.18670
3.91121,-10.66127,0.19628
4.04525,-10.74744,0.56011
4.16015,-10.93894,0.85692
3.93036,-11.22617,0.63671
3.63355,-11.87724,-0.04309
3.33673,-10.66127,0.11968
3.41333,-9.98148,0.81862
3.69099,-10.06765,1.32608
3.62397,-9.70382,1.40267
3.62397,-10.52723,0.92395
3.64312,-12.04958,0.93352
3.99738,-11.38894,0.32075
4.22717,-11.80065,1.76651
4.15057,-12.32725,2.01545
4.15057,-12.54746,1.68991
4.37079,-13.04534,2.12077
3.91121,-13.90705,2.70481
3.35588,-14.89323,2.84843
3.29844,-14.98897,3.21226
2.91545,-14.56769,3.37503
2.76226,-15.51558,3.28886
2.94418,-15.45813,3.22184
2.80056,-14.38578,3.49950
3.02077,-14.94110,3.96866
2.88673,-15.08472,3.82504
2.62822,-15.64004,3.47078
2.47502,-15.89856,3.38461
2.13034,-14.41450,3.35588
1.99630,-13.63896,3.75801
2.28353,-13.84960,4.04525
2.13991,-13.82088,3.56652
1.65161,-13.73471,2.87716
1.72821,-12.36554,2.77184
1.57502,-10.48893,2.97290
1.13459,-9.50275,2.69524
0.78033,-8.21019,1.64204
0.23458,-6.18995,1.26863
0.06223,-5.75910,2.33141
-0.18670,-4.20802,2.82928
-0.24415,-2.66651,2.92503
-0.88565,-0.18670,2.12077
-2.01545,0.56969,0.79948
-1.93885,1.81438,0.45479
-2.26438,3.57610,1.09629
-2.66651,2.55162,1.55587
-2.81013,1.07714,1.69948
-2.91545,1.77608,2.27396
-3.01120,3.91121,1.92927
-3.56652,4.75377,0.60798
-3.70057,4.82079,0.87607
-3.90163,4.57185,2.27396
-4.61972,3.67184,3.54737
-4.62930,4.12185,3.71014
-4.94526,4.76334,2.92503
-5.02186,3.77716,2.61864
-5.24207,4.06440,2.81971
-5.37612,6.05591,3.37503
-5.37612,6.72613,3.93036
-4.98356,5.81655,4.54313
-5.04101,6.02719,4.71547
-5.22292,7.41550,4.51441
-5.36654,7.58784,4.64845
-5.31867,6.12293,4.53355
-5.06016,5.61548,4.23674
-4.82079,6.09421,3.82504
-4.57185,5.41441,3.62397
-4.10270,4.21759,3.39418
-4.01653,4.26547,3.24099
-4.24632,4.86866,3.09737
-4.57185,4.62930,2.97290
-4.85909,3.45163,2.57077
-4.47611,2.45587,3.11652
-4.02610,2.89630,3.67184
-4.66760,3.26014,3.64312
-5.23250,2.75269,3.15482
-5.25165,1.49842,1.22076
-4.94526,-1.66119,1.02927
-3.71014,-3.03992,3.17397
-3.81546,-1.58459,4.46653
-4.67717,-1.43140,3.97823
-4.09312,-2.71439,3.70057
-3.05907,-3.61440,4.36121
-2.30268,-4.70590,4.32291
-2.36013,-7.24315,2.80056
-2.68566,-9.55062,2.32183
-2.45587,-8.89955,1.97715
-1.80480,-9.23466,2.02502
-1.62289,-9.06232,1.09629
-1.74736,-10.41233,0.99097
-1.44097,-10.98681,1.51757
-0.83777,-11.06340,1.70906
-0.26330,-8.67934,1.14416
-0.13883,-7.50167,1.51757
0.50266,-8.13359,2.58034
0.74203,-9.68467,2.92503
1.25905,-11.66660,1.91970
1.80480,-11.20702,0.88565
2.36970,-10.02935,0.95267
3.52823,-10.70915,2.23566
5.25165,-12.33682,2.89630
6.53464,-11.83894,2.95375
7.51124,-11.83894,3.33673
8.34423,-12.78683,2.58992
7.85593,-13.76343,1.26863
7.31975,-14.53897,1.23991
7.45380,-13.77301,1.70906
7.37720,-11.66660,1.92927
7.33890,-10.16340,2.09204
7.81763,-9.12934,1.95800
8.54529,-8.99530,2.32183
9.07190,-9.86659,2.52290
8.76551,-10.20169,1.97715
8.15274,-9.70382,1.59416
7.92295,-8.73679,1.63246
8.01869,-7.97082,1.92927
8.03784,-7.40592,1.73778
7.98997,-7.31975,1.70906
7.81763,-7.37720,1.65161
7.79848,-7.68358,1.50799
7.97082,-7.51124,1.48884
7.97082,-7.00379,1.70906
8.04742,-7.26230,1.71863
7.98040,-7.12826,1.10586
7.85593,-6.90805,1.20161
8.02827,-7.18571,1.46969
8.14316,-6.83145,1.38352
7.98040,-6.57294,1.49842
7.92295,-6.53464,1.06756
7.87508,-6.66868,1.10586
8.03784,-7.11869,1.41225
7.98040,-6.80273,1.41225
7.63571,-6.41974,1.46012
7.53997,-6.24740,1.48884
7.37720,-5.71123,1.21118
7.19528,-6.00804,0.83777
7.54954,-6.70698,0.94309
7.75061,-6.73570,0.89522
